2.93 153 0
5.55 68 0
8.17 71 0
10.79 289 0
13.42 151 0
16.04 287 0
18.67 239 0
21.29 267 0
23.91 214 0
26.54 90 0
29.16 215 0
31.78 76 0
34.41 249 0
37.03 53 0
39.65 282 0
42.28 127 0
44.90 93 0
47.53 133 0
50.15 87 0
52.77 169 0
55.39 156 0
58.02 199 0
60.64 138 0
63.27 75 0
65.89 234 0
68.51 262 0
71.14 65 0
73.76 81 0
76.38 61 0
79.01 13 0
81.63 208 0
84.25 88 0
86.88 213 0
89.50 125 0
92.12 140 0
94.75 203 0
97.37 277 0
100.00 166 0
102.62 175 0
105.24 229 0
107.87 149 0
110.49 57 0
113.11 171 0
115.74 25 0
118.36 187 0
121.53 164 0
126.77 150 0
128.90 207 0
132.07 42 0
133.82 102 0
137.32 157 0
139.24 144 0
142.56 182 0
144.38 33 0
147.86 159 0
149.89 109 0
153.10 48 0
154.90 94 0
158.35 80 0
160.06 16 0
163.82 154 0
165.62 186 0
169.03 18 0
170.84 72 0
174.11 97 0
175.86 55 0
179.36 179 0
181.18 50 0
184.51 162 0
186.58 78 0
189.68 263 0
191.76 118 0
194.95 98 0
196.89 45 0
199.77 192 0
202.77 200 0
204.72 173 0
208.22 114 0
209.87 256 0
213.50 51 0
215.05 36 0
219.09 99 0
220.40 64 0
224.19 253 0
225.48 204 0
229.57 4 0
230.92 160 0
234.57 280 0
236.08 242 0
239.82 28 0
241.77 221 0
248.54 79 0
249.64 5 0
253.78 184 0
257.03 268 0
257.51 52 0
261.67 85 0
264.44 74 0
265.79 26 0
269.83 227 0
272.30 117 0
273.33 8 0
277.44 275 0
280.21 224 0
280.99 132 0
285.07 2 0
288.84 197 0
290.74 158 0
292.99 59 0
296.49 32 0
298.18 174 0
301.65 276 0
304.43 6 0
306.00 82 0
309.38 217 0
312.30 168 0
314.14 139 0
315.34 290 0
317.06 101 0
320.17 136 0
323.29 259 0
325.25 238 0
327.99 24 0
331.84 1 0
332.64 278 0
335.72 27 0
340.04 205 0
340.60 69 0
343.47 83 0
346.96 254 0
349.13 41 0
351.03 105 0
355.85 155 0
356.45 129 0
358.99 128 0
364.42 255 0
366.29 183 0
368.93 10 0
375.67 95 0
377.34 218 0
378.67 60 0
379.32 233 0
387.25 194 0
387.53 96 0
389.60 147 0
390.12 116 0
396.82 39 0
398.08 201 0
400.08 23 0
400.79 252 0
407.17 167 0
408.50 212 0
410.43 196 0
411.62 124 0
417.82 251 0
419.74 260 0
420.92 216 0
421.51 135 0
428.15 237 0
430.11 195 0
431.50 248 0
431.80 269 0
438.92 279 0
440.73 261 0
441.78 236 0
442.50 73 0
449.49 63 0
451.60 185 0
452.27 35 0
452.96 209 0
460.06 112 0
461.45 225 0
462.98 271 0
463.35 0 3
469.91 122 3
472.25 141 3
473.30 120 3
476.25 288 3
480.47 265 3
483.52 222 3
484.55 193 3
488.41 103 3
494.14 274 3
497.33 119 3
497.57 180 3
501.90 106 3
507.51 29 3
509.88 67 3
510.47 131 3
510.83 232 3
515.05 22 3
520.03 281 3
522.79 58 3
523.84 206 3
524.07 190 3
528.07 172 3
533.32 176 3
537.03 43 3
537.06 123 3
537.08 219 3
540.79 170 3
546.86 264 3
549.29 181 3
550.06 134 3
550.34 231 3
554.26 178 3
559.63 285 3
562.10 7 3
563.04 84 3
563.46 14 3
568.19 77 3
572.69 165 3
575.76 198 3
576.00 146 3
576.57 104 3
580.70 266 3
588.79 273 3
589.85 163 3
592.77 92 3
592.83 243 3
593.99 284 3
602.41 49 3
603.12 40 3
607.20 161 3
607.34 130 3
608.45 250 3
618.05 21 3
618.93 228 3
623.10 54 3
623.51 241 3
623.94 47 3
634.43 272 3
634.55 148 3
638.89 210 3
639.76 37 3
642.54 126 3
649.72 137 3
650.16 245 3
654.45 113 3
654.90 31 3
658.82 270 3
659.76 142 3
665.60 115 3
665.87 247 3
671.28 189 3
674.45 34 3
675.98 15 3
680.48 100 3
681.81 211 3
682.05 66 3
686.71 235 3
691.33 143 3
697.19 12 3
697.70 46 3
698.04 152 3
702.68 110 3
708.07 226 3
708.15 244 3
712.42 11 3
713.44 107 3
714.07 70 3
718.37 111 3
723.91 20 3
724.98 19 3
729.81 230 3
730.54 56 3
731.14 258 3
737.22 30 3
743.01 17 3
743.45 246 3
744.19 62 3
748.20 89 3
748.83 38 3
756.00 91 3
756.85 108 3
763.55 3 9
766.28 145 9
767.20 86 9
773.34 9 44
779.24 44 121
780.12 121 177
791.32 202 177
797.50 177 188
798.17 223 188
798.47 257 188
809.06 240 188
809.34 188 191
816.54 286 191
824.54 283 191
829.32 191 220
837.67 220 291
