4.09 25 0
9.14 255 0
10.26 183 0
10.94 60 0
12.66 18 0
15.28 175 0
17.26 64 0
21.59 116 0
21.91 95 0
23.83 10 0
24.28 218 0
27.41 125 0
31.44 96 0
31.90 252 0
33.71 194 0
35.37 229 0
37.44 27 0
40.74 39 0
42.40 124 0
44.19 201 0
45.31 147 0
47.31 214 0
49.33 105 0
52.77 135 0
53.61 167 0
55.06 212 0
58.41 144 0
59.15 83 0
63.27 269 0
66.26 260 0
66.36 196 0
66.39 251 0
69.33 200 0
73.72 73 0
75.87 237 0
76.56 195 0
76.62 216 0
83.16 279 0
83.50 23 0
84.11 209 0
84.72 248 0
88.39 61 0
89.49 261 0
93.72 185 0
94.60 0 1
96.25 63 1
96.70 236 1
101.15 139 1
102.50 35 1
103.37 112 1
106.29 225 1
107.30 151 1
107.56 288 1
110.03 118 1
114.30 141 1
114.83 122 1
115.66 271 1
118.11 103 1
119.51 262 1
120.67 275 1
128.32 222 1
128.75 120 1
129.56 6 1
130.02 265 1
130.51 106 1
135.06 207 1
137.43 150 1
143.04 274 1
143.53 22 1
145.36 193 1
146.26 119 1
150.81 131 1
154.77 67 1
154.96 180 1
155.57 29 1
156.56 172 1
157.42 36 1
160.59 59 1
162.28 221 1
169.70 170 1
169.95 232 1
170.16 190 1
170.63 58 1
171.82 281 1
174.92 197 1
179.67 219 1
182.40 206 1
182.82 178 1
184.46 176 1
184.80 123 1
187.17 224 1
192.39 134 1
194.59 43 1
195.27 181 1
195.99 264 1
196.08 77 1
197.98 76 1
204.44 84 1
206.23 7 1
207.30 285 1
207.40 231 1
208.99 266 1
215.00 146 1
215.87 213 1
216.30 253 1
216.69 165 1
221.82 263 1
222.49 284 1
223.02 233 1
223.30 198 1
231.18 273 1
232.82 104 1
233.33 234 1
234.16 14 1
235.15 250 1
237.25 92 1
237.44 101 1
248.22 49 1
248.76 163 1
249.82 47 1
251.23 169 1
252.41 130 1
252.92 161 1
253.31 243 1
255.84 51 1
265.47 37 1
267.03 241 1
267.11 21 1
269.27 8 1
270.05 54 1
270.96 40 1
274.24 4 1
278.78 162 1
279.93 148 1
281.23 31 1
282.77 126 1
284.64 272 1
286.55 210 1
290.17 153 1
291.04 157 1
292.68 53 1
296.95 189 1
297.91 113 1
299.37 87 1
300.91 137 1
303.67 270 1
305.52 102 1
306.63 142 1
312.67 235 1
313.31 114 1
313.80 115 1
317.07 34 1
318.11 97 1
319.61 75 1
324.52 15 1
325.38 100 1
326.53 245 1
328.45 110 1
329.05 66 1
329.56 228 1
332.06 94 1
342.91 211 1
343.88 152 1
344.10 111 1
344.30 143 1
344.33 12 1
347.21 55 1
347.56 226 1
359.16 46 1
359.24 11 1
359.33 70 1
359.74 30 1
360.00 244 1
362.00 133 1
375.45 20 1
377.00 230 1
377.49 186 1
377.83 62 1
378.29 107 1
380.57 19 1
381.12 258 1
384.47 247 1
385.20 48 1
389.70 17 1
389.84 41 1
393.63 246 1
396.20 9 1
396.69 91 1
397.95 89 1
398.61 204 1
407.03 145 1
407.62 3 1
407.71 108 1
408.02 56 1
410.20 136 1
412.93 38 1
414.58 121 1
414.89 13 1
415.91 132 1
419.50 86 1
422.68 90 1
423.12 44 1
427.15 1 2
428.28 127 2
429.47 98 2
430.06 68 2
431.44 254 2
433.17 240 2
435.66 65 2
440.60 257 2
442.73 202 2
443.23 93 2
444.06 177 2
450.70 223 2
450.78 128 2
451.81 81 2
452.59 32 2
453.42 155 2
454.24 154 2
458.18 24 2
458.34 140 2
460.80 242 2
462.69 184 2
464.73 283 2
467.46 188 2
471.14 45 2
472.20 192 2
473.97 286 2
474.32 220 2
475.81 191 2
478.04 160 2
479.17 171 2
484.18 72 2
484.39 173 2
487.70 205 2
489.82 71 2
490.67 79 2
494.70 215 2
496.11 208 2
496.89 280 2
497.69 159 2
499.47 282 2
499.95 168 2
501.12 28 2
504.30 277 2
507.44 289 2
510.79 80 2
510.92 5 2
511.26 249 2
512.20 69 2
513.16 227 2
513.42 99 2
515.50 16 2
517.90 50 2
518.72 166 2
522.10 129 2
523.99 182 2
524.08 52 2
525.51 138 2
528.69 26 2
528.98 85 2
530.36 82 2
532.33 276 2
533.63 174 2
534.63 238 2
534.83 33 2
535.26 88 2
539.22 164 2
540.18 290 2
541.63 57 2
542.87 239 2
544.83 74 2
544.85 278 2
545.79 187 2
546.07 267 2
548.13 109 2
550.27 156 2
551.02 158 2
553.01 117 2
553.24 259 2
554.94 2 42
556.54 78 42
558.24 217 42
559.82 268 42
560.70 287 42
562.42 179 42
563.56 42 149
565.44 149 199
567.08 199 203
568.98 256 203
569.25 203 291
