3.74 6 0
5.77 25 0
7.25 185 0
10.46 200 0
16.44 274 0
18.15 103 0
18.81 131 0
19.99 193 0
20.08 119 0
23.87 36 0
26.38 221 0
26.44 106 0
31.96 190 0
34.30 29 0
34.94 67 0
36.23 180 0
39.02 207 0
40.75 22 0
41.77 197 0
43.86 139 0
45.20 123 0
49.75 281 0
52.06 58 0
52.62 172 0
53.55 232 0
58.30 134 0
60.98 219 0
61.43 176 0
62.17 151 0
66.09 206 0
66.63 170 0
68.31 76 0
70.71 269 0
71.36 84 0
75.81 178 0
78.45 43 0
79.73 181 0
83.95 264 0
84.11 285 0
84.47 146 0
85.39 10 0
90.93 7 0
92.22 231 0
93.92 77 0
95.76 233 0
96.76 14 0
99.57 198 0
100.38 265 0
100.83 92 0
103.67 51 0
106.29 253 0
107.15 266 0
112.24 213 0
114.36 130 0
115.49 104 0
116.18 273 0
121.40 284 0
121.44 243 0
126.80 163 0
126.82 49 0
128.69 241 0
131.56 169 0
133.44 250 0
134.35 161 0
134.42 288 0
137.41 4 0
138.22 41 0
139.16 196 0
140.74 234 0
144.26 210 0
148.85 47 0
153.76 54 0
156.32 40 0
157.16 228 0
157.28 263 0
158.59 148 0
158.88 21 0
160.00 113 0
163.65 272 0
167.97 102 0
169.31 37 0
169.65 204 0
170.96 126 0
176.30 142 0
178.47 97 0
179.20 137 0
180.98 31 0
183.24 270 0
187.72 66 0
191.27 245 0
192.00 115 0
192.22 114 0
194.20 75 0
196.90 189 0
198.00 55 0
199.36 8 0
203.43 152 0
206.52 15 0
209.71 100 0
210.57 34 0
211.31 235 0
211.47 247 0
216.40 162 0
216.44 143 0
219.15 70 0
221.29 153 0
222.68 211 0
224.03 12 0
227.62 186 0
229.56 110 0
233.03 226 0
234.87 258 0
235.93 11 0
238.62 244 0
239.43 218 0
242.14 87 0
242.16 46 0
252.22 62 0
256.87 107 0
256.98 20 0
257.12 230 0
257.88 19 0
258.18 64 0
260.83 30 0
260.92 111 0
264.05 167 0
270.58 3 0
271.08 165 0
271.57 17 0
272.18 89 0
273.50 246 0
276.49 91 0
276.58 201 0
278.69 94 0
284.04 56 0
289.16 108 0
290.15 9 0
290.98 90 0
291.61 68 0
294.45 38 0
295.03 145 0
295.19 35 0
296.80 135 0
297.77 44 0
303.41 13 0
303.86 209 0
305.47 86 0
306.19 132 0
311.01 98 0
312.03 257 0
313.83 121 0
320.25 202 0
321.58 65 0
322.72 155 0
323.27 93 0
324.12 254 0
324.99 242 0
326.99 127 0
327.99 177 0
329.86 23 0
330.25 283 0
330.96 32 0
334.49 24 0
337.60 260 0
339.29 223 0
340.72 240 0
341.11 188 0
342.78 140 0
343.85 252 0
346.60 154 0
346.79 184 0
349.63 191 0
353.04 72 0
353.06 214 0
353.97 118 0
355.58 280 0
356.50 160 0
358.04 248 0
359.04 144 0
359.45 220 0
365.25 99 0
370.15 192 0
370.48 215 0
371.18 227 0
374.51 120 0
375.24 71 0
376.97 286 0
377.55 159 0
377.86 168 0
378.45 79 0
380.36 28 0
383.11 5 0
383.62 85 0
386.76 173 0
387.03 50 0
391.08 256 0
393.36 249 0
393.51 278 0
393.96 69 0
395.91 275 0
397.32 42 0
397.34 171 0
397.66 82 0
400.21 208 0
401.38 57 0
404.13 2 0
406.47 158 0
408.65 268 0
410.46 224 0
410.50 182 0
411.04 238 0
411.91 26 0
413.29 199 0
415.27 109 0
418.17 217 0
421.64 239 0
421.73 48 0
422.24 33 0
425.87 187 0
425.90 267 0
427.09 74 0
428.17 179 0
429.30 282 0
429.47 203 0
430.58 174 0
431.95 125 0
434.96 117 0
435.63 80 0
436.81 259 0
437.82 237 0
440.27 205 0
443.08 251 0
445.67 61 0
446.02 271 0
447.97 136 0
450.29 95 0
451.12 53 0
452.24 122 0
453.07 222 0
453.57 112 0
454.58 78 0
454.74 128 0
457.12 289 0
459.06 1 0
460.71 194 0
462.73 96 0
463.03 45 0
464.08 195 0
464.25 212 0
464.98 175 0
467.20 129 0
467.54 216 0
468.14 276 0
469.77 0 16
470.87 83 16
472.60 183 16
473.53 27 16
476.08 59 16
476.37 63 16
477.72 147 16
478.96 81 16
481.23 262 16
483.17 133 16
483.65 141 16
484.30 18 16
484.43 138 16
486.08 157 16
487.53 255 16
489.17 39 16
490.13 164 16
491.57 116 16
493.16 16 52
495.01 52 60
496.45 277 60
498.01 88 60
499.57 236 60
500.96 150 60
502.49 73 60
503.81 229 60
505.41 279 60
506.84 166 60
508.26 60 101
509.82 225 101
511.33 156 101
512.75 261 101
514.39 105 101
516.01 124 101
517.14 287 101
518.70 149 101
518.77 290 101
520.43 101 291
