3.19 151 0
5.64 207 0
5.86 164 0
9.47 25 0
10.89 102 0
12.17 234 0
15.01 68 0
16.18 144 0
17.83 127 0
20.53 88 0
21.28 33 0
23.39 187 0
26.33 13 0
26.53 109 0
29.21 215 0
31.73 94 0
32.04 53 0
35.16 150 0
36.98 16 0
37.88 76 0
40.76 149 0
42.20 186 0
44.12 140 0
47.20 239 0
47.35 72 0
50.07 213 0
52.70 55 0
52.94 90 0
55.84 80 0
58.03 50 0
58.51 87 0
61.27 133 0
63.32 78 0
64.45 208 0
68.07 282 0
68.61 118 0
70.81 138 0
73.70 57 0
73.86 45 0
76.44 162 0
79.30 263 0
79.60 200 0
82.00 93 0
84.70 154 0
85.24 114 0
87.42 97 0
90.10 48 0
90.55 51 0
93.01 98 0
95.74 277 0
95.93 99 0
98.47 287 0
101.02 253 0
101.15 75 0
103.90 214 0
106.43 4 0
107.21 192 0
110.73 175 0
111.49 280 0
113.45 289 0
116.15 36 0
116.85 28 0
118.86 262 0
122.91 169 0
123.07 79 0
128.20 171 0
130.85 268 0
133.59 179 0
133.84 184 0
138.73 74 0
138.83 204 0
140.43 267 0
141.84 182 0
145.18 85 0
145.65 160 0
146.50 117 0
150.21 65 0
150.32 125 0
154.48 224 0
155.53 71 0
156.29 227 0
158.72 275 0
159.72 199 0
163.58 42 0
164.68 158 0
165.06 81 0
167.14 2 0
170.56 5 0
172.46 174 0
172.97 59 0
175.50 26 0
176.82 156 0
180.23 82 0
181.31 52 0
182.25 249 0
184.63 276 0
187.82 157 0
188.13 139 0
189.67 290 0
189.69 217 0
193.50 159 0
196.69 101 0
197.56 259 0
198.92 61 0
200.62 166 0
204.48 238 0
205.62 173 0
205.91 1 0
206.83 203 0
212.38 6 0
212.73 278 0
213.90 205 0
215.85 197 0
218.07 168 0
220.93 69 0
221.45 254 0
223.46 8 0
224.82 221 0
229.11 41 0
229.85 155 0
230.14 242 0
231.90 256 0
236.45 24 0
237.58 255 0
237.63 132 0
239.49 129 0
244.86 153 0
246.83 136 0
247.09 95 0
253.20 32 0
253.62 183 0
257.76 194 0
259.53 60 0
261.17 128 0
262.98 64 0
265.89 218 0
266.78 18 0
268.46 39 0
271.47 116 0
273.02 96 0
274.86 233 0
278.14 27 0
278.75 167 0
278.92 10 0
284.99 252 0
285.36 201 0
287.88 83 0
289.30 251 0
290.64 105 0
292.16 229 0
297.02 212 0
299.22 124 0
299.68 237 0
300.35 23 0
304.15 260 0
306.43 135 0
308.63 196 0
309.23 147 0
310.07 279 0
315.76 269 0
316.08 195 0
317.35 216 0
320.46 63 0
323.21 261 0
323.41 73 0
325.04 248 0
330.96 112 0
331.89 185 0
332.72 209 0
332.93 236 0
340.99 35 0
341.75 122 0
342.34 225 0
343.07 0 3
351.36 271 3
352.24 265 3
352.26 141 3
356.14 288 3
361.23 120 3
363.25 274 3
363.31 222 3
368.75 103 3
375.61 193 3
376.36 29 3
377.40 119 3
381.49 106 3
388.74 180 3
389.39 281 3
389.74 67 3
390.46 131 3
394.60 22 3
402.13 232 3
402.48 176 3
402.90 190 3
403.02 58 3
407.68 172 3
414.32 206 3
414.99 219 3
415.58 264 3
417.02 123 3
420.88 170 3
427.70 43 3
428.63 285 3
429.22 181 3
429.79 134 3
434.25 178 3
441.58 231 3
441.74 165 3
442.04 7 3
443.03 84 3
447.57 77 3
449.40 14 3
455.43 198 3
455.77 146 3
460.14 266 3
461.39 243 3
467.28 104 3
469.07 273 3
472.41 92 3
473.55 284 3
474.46 161 3
480.84 163 3
482.14 49 3
486.67 130 3
487.86 250 3
488.99 54 3
497.36 40 3
498.04 21 3
498.83 47 3
503.59 241 3
510.44 272 3
512.11 228 3
514.46 148 3
518.55 210 3
519.37 37 3
522.68 126 3
526.16 142 3
529.23 137 3
534.03 113 3
534.68 31 3
538.40 270 3
541.95 15 3
544.17 245 3
545.01 115 3
551.55 189 3
554.57 34 3
557.60 143 3
559.53 247 3
561.00 100 3
561.92 66 3
566.19 235 3
574.23 244 3
575.30 211 3
576.92 12 3
578.53 152 3
582.22 110 3
587.80 226 3
589.95 19 3
591.71 46 3
592.79 11 3
593.77 70 3
598.10 111 3
603.97 20 3
606.56 246 3
609.19 107 3
609.62 230 3
610.97 258 3
615.68 30 3
622.59 17 3
624.33 62 3
624.80 108 3
627.29 56 3
628.32 89 3
636.42 91 3
636.96 3 9
645.49 38 9
646.77 145 9
653.19 9 44
654.64 202 44
657.31 86 44
658.93 44 121
665.57 121 177
673.21 188 177
677.77 177 191
678.22 257 191
689.91 240 191
691.36 286 191
692.23 223 191
704.48 283 191
709.60 220 191
714.20 191 291
