4.32 282 0
6.02 24 0
6.40 0 1
8.44 218 1
11.57 76 1
14.03 6 1
15.13 125 1
17.00 207 1
17.50 243 1
18.78 224 1
18.86 277 1
19.68 35 1
21.95 284 1
24.05 178 1
24.64 229 1
26.00 151 1
29.08 264 1
30.77 251 1
31.11 185 1
32.56 165 1
35.46 157 1
35.54 146 1
35.56 66 1
36.98 234 1
37.66 80 1
39.62 281 1
41.28 104 1
42.57 265 1
43.69 180 1
44.56 137 1
44.86 22 1
46.04 278 1
46.95 266 1
48.12 106 1
48.96 169 1
50.65 10 1
52.31 206 1
54.01 197 1
55.20 131 1
57.13 285 1
57.45 200 1
57.89 89 1
60.11 97 1
61.53 198 1
62.96 273 1
64.10 153 1
65.41 232 1
65.66 21 1
67.95 11 1
68.38 40 1
69.93 31 1
71.56 152 1
72.92 271 1
73.25 172 1
75.54 214 1
77.64 196 1
78.00 67 1
80.44 19 1
81.52 100 1
82.91 250 1
83.44 245 1
83.54 241 1
86.67 87 1
86.70 142 1
88.04 15 1
90.22 26 1
91.21 170 1
93.30 119 1
93.77 64 1
95.02 58 1
95.67 4 1
97.43 127 1
98.12 81 1
99.22 205 1
101.08 269 1
101.77 17 1
104.23 235 1
104.59 219 1
105.86 202 1
107.96 114 1
108.05 154 1
109.45 228 1
111.02 246 1
112.80 34 1
113.67 230 1
115.76 222 1
116.04 48 1
117.15 286 1
117.46 55 1
119.01 237 1
120.35 2 1
121.73 13 1
123.10 139 1
124.80 121 1
125.41 92 1
126.65 210 1
128.49 68 1
129.47 117 1
130.45 90 1
132.17 110 1
133.33 86 1
134.86 73 1
135.86 155 1
137.16 109 1
138.72 49 1
139.91 91 1
141.42 37 1
143.37 72 1
144.20 257 1
145.81 258 1
146.83 3 1
148.35 38 1
149.69 201 1
151.29 288 1
153.23 112 1
153.95 59 1
155.23 113 1
156.67 216 1
158.01 244 1
159.27 248 1
161.06 56 1
161.89 23 1
163.35 78 1
164.89 204 1
166.30 118 1
168.68 98 1
169.55 27 1
169.78 136 1
170.76 171 1
172.24 93 1
173.62 75 1
175.28 126 1
176.46 260 1
177.85 160 1
179.66 32 1
180.93 132 1
181.89 29 1
182.68 191 1
182.99 188 1
183.97 51 1
185.40 46 1
186.75 128 1
188.52 184 1
189.71 168 1
190.48 94 1
192.17 12 1
193.49 18 1
194.40 159 1
195.73 267 1
198.46 61 1
199.63 220 1
200.54 39 1
200.99 138 1
202.32 69 1
203.80 88 1
206.16 279 1
206.35 79 1
207.87 111 1
209.03 158 1
210.62 141 1
211.62 149 1
212.93 247 1
214.73 150 1
215.48 7 1
217.02 212 1
218.08 189 1
219.36 236 1
220.62 195 1
222.26 145 1
223.87 217 1
225.24 103 1
226.17 253 1
227.28 71 1
228.54 156 1
229.90 211 1
231.14 231 1
232.97 193 1
233.88 175 1
235.61 53 1
236.64 14 1
237.59 270 1
239.27 233 1
240.37 96 1
241.57 161 1
243.05 181 1
244.65 85 1
245.71 82 1
247.82 192 1
248.24 47 1
249.82 176 1
251.14 276 1
252.57 261 1
253.38 213 1
255.14 115 1
256.23 54 1
257.46 179 1
259.00 143 1
260.05 287 1
261.64 272 1
262.80 290 1
262.97 190 1
264.31 42 1
265.94 274 1
266.86 203 1
267.99 182 1
269.56 30 1
270.52 130 1
272.31 194 1
273.23 183 1
274.48 65 1
275.88 239 1
277.41 45 1
278.53 289 1
279.83 167 1
281.30 52 1
282.44 105 1
283.88 173 1
285.69 144 1
286.33 225 1
287.79 209 1
289.17 120 1
290.48 199 1
291.84 70 1
292.98 63 1
294.57 84 1
295.59 123 1
296.91 140 1
298.33 95 1
299.56 102 1
300.78 1 5
302.18 41 5
303.61 99 5
304.78 242 5
305.99 28 5
307.37 254 5
308.78 268 5
310.09 256 5
311.32 255 5
312.60 25 5
313.98 164 5
315.52 124 5
316.54 116 5
318.72 187 5
319.42 122 5
320.66 74 5
321.79 5 8
323.13 83 8
324.59 133 8
325.65 135 8
327.19 16 8
328.24 43 8
329.77 44 8
330.88 162 8
332.39 238 8
333.80 259 8
335.13 33 8
336.19 275 8
337.58 252 8
338.92 163 8
340.62 57 8
341.48 166 8
343.25 263 8
343.99 107 8
345.62 8 9
346.80 101 9
348.12 77 9
349.22 280 9
350.52 60 9
352.18 221 9
353.54 226 9
354.62 177 9
355.83 9 20
357.07 148 20
358.57 262 20
359.78 240 20
361.02 249 20
362.45 283 20
363.80 129 20
365.13 186 20
366.28 223 20
368.09 174 20
370.21 20 36
370.29 50 36
371.52 215 36
373.14 147 36
374.33 208 36
375.54 227 36
376.69 62 36
378.16 108 36
379.68 36 134
380.71 134 291
