4.97 169 0
8.26 130 0
9.25 288 0
12.19 250 0
13.25 196 0
25.57 40 0
25.66 21 0
27.01 54 0
27.39 47 0
27.58 241 0
28.74 126 0
29.45 51 0
31.34 53 0
40.67 228 0
41.65 148 0
42.50 263 0
43.73 153 0
44.40 210 0
44.46 270 0
45.75 37 0
46.65 4 0
55.51 75 0
56.92 8 0
57.42 137 0
57.78 113 0
60.18 34 0
61.05 31 0
64.35 142 0
67.70 102 0
69.46 115 0
70.31 245 0
75.13 189 0
75.20 15 0
78.19 162 0
79.86 97 0
80.98 94 0
82.60 66 0
87.21 87 0
87.81 235 0
88.89 100 0
90.75 114 0
93.52 226 0
101.50 12 0
102.93 152 0
103.20 144 0
103.90 211 0
104.84 143 0
107.25 110 0
109.16 133 0
109.23 20 0
120.40 46 0
121.55 11 0
122.20 70 0
122.95 111 0
124.23 247 0
124.44 244 0
125.72 17 0
127.64 229 0
130.25 231 0
136.01 64 0
139.49 258 0
143.84 246 0
144.80 30 0
146.50 73 0
148.23 107 0
148.63 62 0
149.16 230 0
149.64 167 0
149.69 145 0
150.67 19 0
154.29 41 0
155.46 83 0
162.77 108 0
163.24 91 0
165.68 204 0
165.97 132 0
168.05 44 0
168.12 236 0
169.55 56 0
170.95 38 0
171.94 3 0
178.46 9 0
179.56 254 0
180.99 93 0
182.24 170 0
182.26 135 0
183.18 86 0
186.41 177 0
188.87 90 0
191.06 121 0
191.50 32 0
195.36 98 0
197.27 202 0
197.42 68 0
197.46 175 0
199.83 89 0
202.12 257 0
203.48 24 0
205.65 240 0
208.25 260 0
210.30 131 0
212.54 184 0
216.29 188 0
217.17 127 0
217.88 286 0
218.09 160 0
220.33 155 0
221.37 23 0
222.10 81 0
225.16 140 0
225.58 79 0
228.02 283 0
228.45 222 0
229.60 154 0
232.17 118 0
233.16 206 0
234.48 191 0
236.40 13 0
237.68 168 0
239.57 103 0
239.94 220 0
241.58 242 0
244.69 5 0
245.76 69 0
249.36 72 0
249.63 99 0
255.52 215 0
258.39 182 0
258.54 171 0
260.52 159 0
260.67 208 0
262.04 28 0
262.07 280 0
263.48 65 0
264.15 120 0
265.40 277 0
266.01 274 0
268.63 287 0
271.94 278 0
275.22 33 0
275.89 227 0
276.94 157 0
277.55 249 0
278.46 173 0
279.14 259 0
280.27 82 0
282.22 166 0
284.91 78 0
288.82 203 0
288.90 85 0
290.69 147 0
291.88 174 0
292.70 238 0
293.20 156 0
293.88 290 0
297.51 179 0
299.20 199 0
300.19 149 0
300.22 57 0
300.41 267 0
301.95 59 0
303.95 164 0
307.23 239 0
307.76 187 0
308.58 117 0
310.22 158 0
311.26 26 0
311.89 129 0
315.10 255 0
315.22 217 0
317.24 268 0
317.45 27 0
320.25 212 0
322.50 262 0
324.83 261 0
326.49 124 0
327.76 225 0
327.83 282 0
327.97 271 0
329.80 101 0
331.84 95 0
335.12 122 0
335.34 112 0
337.26 138 0
337.66 58 0
337.93 16 0
338.83 45 0
340.47 194 0
341.41 109 0
342.51 136 0
342.58 195 0
343.82 1 0
345.31 61 0
346.04 141 0
348.22 176 0
349.07 18 0
351.42 276 0
352.26 92 0
352.91 0 2
354.25 105 2
354.48 183 2
355.21 125 2
356.84 139 2
358.39 29 2
359.97 201 2
361.88 214 2
362.29 248 2
362.36 2 6
363.91 77 6
366.37 237 6
368.43 186 6
370.39 119 6
371.95 205 6
372.46 223 6
373.52 181 6
374.15 269 6
376.34 221 6
378.37 123 6
380.43 172 6
382.82 273 6
382.92 219 6
384.05 60 6
384.75 178 6
385.66 6 7
387.53 84 7
387.60 218 7
389.17 264 7
391.63 146 7
393.27 165 7
394.02 243 7
395.44 209 7
397.55 281 7
398.35 25 7
399.39 55 7
399.49 104 7
401.57 265 7
402.33 35 7
402.53 150 7
402.75 49 7
404.53 233 7
405.73 151 7
407.09 22 7
407.66 285 7
409.50 10 7
410.31 207 7
411.34 232 7
413.29 67 7
413.70 266 7
415.06 197 7
415.72 128 7
416.63 48 7
417.70 200 7
419.02 192 7
419.33 251 7
420.02 50 7
423.27 198 7
423.98 43 7
424.49 284 7
425.25 234 7
425.90 161 7
426.96 185 7
428.50 74 7
430.80 80 7
431.02 52 7
432.75 180 7
433.61 14 7
434.72 253 7
436.31 275 7
437.75 88 7
439.86 63 7
440.77 252 7
442.45 106 7
442.82 213 7
444.21 116 7
445.74 256 7
447.30 289 7
448.78 42 7
449.73 134 7
451.07 71 7
452.79 96 7
453.92 272 7
456.02 36 7
456.39 76 7
457.75 216 7
459.17 7 39
460.98 190 39
461.89 163 39
463.50 193 39
464.61 39 224
466.31 224 279
466.45 279 291
