2.50 33 0
5.10 149 0
8.18 184 0
9.47 79 0
10.08 267 0
13.63 25 0
15.48 182 0
16.05 85 0
17.33 16 0
21.61 268 0
22.62 65 0
23.92 227 0
24.85 80 0
28.45 74 0
30.56 199 0
31.71 275 0
32.58 253 0
36.11 117 0
37.29 42 0
39.54 2 0
39.88 138 0
42.10 154 0
44.05 224 0
47.25 59 0
47.42 156 0
48.16 280 0
51.23 200 0
55.60 52 0
55.63 276 0
55.89 158 0
58.43 277 0
62.36 174 0
62.99 157 0
63.42 217 0
65.97 150 0
69.26 82 0
71.26 101 0
71.97 249 0
72.48 166 0
75.43 187 0
75.99 290 0
79.13 238 0
79.47 203 0
80.20 139 0
82.86 88 0
84.89 289 0
86.94 278 0
89.36 259 0
89.89 197 0
92.43 239 0
94.61 69 0
96.69 1 0
96.87 221 0
99.95 118 0
102.98 41 0
103.98 205 0
104.16 256 0
108.20 169 0
109.47 24 0
110.75 129 0
111.85 254 0
115.03 136 0
116.43 179 0
118.60 183 0
120.18 64 0
120.70 155 0
124.80 133 0
128.69 218 0
131.27 27 0
131.73 255 0
138.93 96 0
139.19 60 0
139.40 128 0
142.05 125 0
143.71 95 0
145.80 18 0
149.56 201 0
151.06 105 0
151.57 164 0
153.62 116 0
157.82 194 0
159.48 229 0
160.04 212 0
160.87 10 0
165.42 39 0
166.54 252 0
168.50 83 0
171.09 260 0
172.40 167 0
173.88 124 0
177.00 23 0
178.52 282 0
180.54 147 0
181.43 195 0
185.97 251 0
187.10 135 0
188.93 196 0
192.01 261 0
192.20 175 0
193.10 237 0
199.35 269 0
200.22 216 0
200.72 45 0
202.83 185 0
205.73 73 0
207.65 279 0
208.96 248 0
210.26 214 0
213.32 225 0
214.92 209 0
217.10 63 0
218.11 236 0
220.83 61 0
223.77 141 0
224.07 112 0
226.26 0 3
227.10 35 3
230.59 76 3
231.60 144 3
234.29 222 3
236.40 122 3
237.83 271 3
238.26 151 3
243.52 288 3
245.81 119 3
246.56 265 3
249.08 132 3
251.85 103 3
252.17 120 3
253.10 6 3
258.64 67 3
262.26 262 3
262.28 274 3
262.68 193 3
270.31 131 3
271.67 58 3
271.79 106 3
271.85 204 3
273.45 29 3
276.83 36 3
280.51 22 3
283.25 190 3
284.76 219 3
287.80 180 3
288.04 232 3
291.41 94 3
292.40 281 3
293.45 207 3
294.51 172 3
297.86 181 3
301.47 123 3
302.00 206 3
302.93 170 3
304.31 176 3
310.90 7 3
311.21 134 3
313.85 43 3
314.16 178 3
314.64 264 3
322.92 84 3
324.02 198 3
324.50 285 3
324.58 48 3
327.56 77 3
335.00 50 3
335.64 146 3
337.10 231 3
337.22 273 3
338.23 165 3
339.20 14 3
344.23 32 3
344.57 233 3
346.23 266 3
349.61 55 3
350.36 49 3
352.17 213 3
353.12 92 3
361.98 243 3
362.80 51 3
363.65 284 3
364.08 21 3
365.27 104 3
366.25 163 3
375.55 130 3
376.60 250 3
377.48 161 3
380.46 148 3
384.77 40 3
385.00 109 3
386.80 47 3
387.78 241 3
392.71 263 3
395.50 137 3
396.93 4 3
397.45 228 3
398.61 54 3
404.33 272 3
405.00 37 3
405.33 210 3
409.91 287 3
411.16 115 3
411.46 126 3
415.29 234 3
417.29 68 3
421.10 270 3
421.14 113 3
423.58 31 3
424.82 53 3
425.74 102 3
426.89 100 3
430.04 75 3
431.42 142 3
436.98 189 3
441.36 34 3
442.59 12 3
445.00 247 3
445.03 15 3
447.55 245 3
448.37 162 3
448.39 97 3
449.21 66 3
455.61 114 3
455.80 235 3
457.50 153 3
458.36 11 3
462.56 143 3
462.95 87 3
466.49 211 3
467.08 152 3
472.08 226 3
474.05 110 3
474.23 230 3
478.81 46 3
479.24 70 3
479.70 244 3
482.58 8 3
491.42 89 3
496.03 107 3
497.34 258 3
497.78 20 3
498.91 19 3
500.66 30 3
500.85 111 3
504.33 186 3
507.92 246 3
510.01 62 3
511.72 108 3
513.32 17 3
516.16 91 3
518.45 56 3
525.10 3 5
526.35 38 5
527.58 78 5
528.44 145 5
532.42 9 5
532.73 44 5
534.98 57 5
539.50 86 5
543.20 90 5
545.14 13 5
548.03 121 5
548.06 98 5
551.00 93 5
551.08 177 5
558.41 257 5
559.58 242 5
562.71 127 5
563.57 202 5
569.07 223 5
571.96 240 5
577.74 140 5
578.11 26 5
580.18 188 5
581.85 81 5
582.08 191 5
583.75 283 5
588.48 72 5
589.36 286 5
596.05 192 5
596.28 160 5
597.71 220 5
601.95 168 5
606.88 159 5
610.27 5 28
613.58 171 28
615.62 99 28
615.69 215 28
615.96 208 28
620.59 173 28
622.54 28 71
623.57 71 291
