4.63 263 0
6.39 159 0
6.87 274 0
10.32 79 0
14.58 280 0
15.44 71 0
17.46 173 0
18.55 5 0
19.19 99 0
20.16 28 0
20.56 120 0
24.03 82 0
27.84 268 0
31.33 249 0
32.38 227 0
33.18 256 0
33.86 0 1
33.99 149 1
34.09 69 1
36.33 215 1
36.54 174 1
37.47 168 1
39.81 74 1
43.62 199 1
46.26 2 1
47.62 150 1
47.64 238 1
48.20 182 1
48.32 50 1
49.33 203 1
52.70 117 1
55.97 156 1
58.57 42 1
58.95 33 1
59.25 88 1
59.30 16 1
60.77 52 1
61.38 290 1
62.49 239 1
66.28 187 1
66.45 267 1
67.49 271 1
69.76 109 1
71.50 116 1
73.70 222 1
73.88 57 1
74.39 141 1
75.55 287 1
76.79 216 1
79.43 39 1
81.84 96 1
84.54 251 1
84.84 7 1
85.65 124 1
86.53 73 1
86.75 60 1
89.17 95 1
91.26 18 1
93.30 101 1
94.53 163 1
94.77 279 1
95.36 129 1
96.29 289 1
100.93 194 1
101.32 105 1
103.22 180 1
103.74 45 1
104.14 277 1
104.34 63 1
104.86 122 1
105.65 233 1
107.20 1 3
107.32 236 3
109.04 181 3
111.20 183 3
112.42 193 3
113.09 261 3
114.34 157 3
115.60 43 3
117.05 147 3
118.22 14 3
119.25 133 3
120.98 36 3
122.44 81 3
124.08 55 3
124.80 164 3
126.31 262 3
128.46 269 3
130.27 76 3
130.62 282 3
132.98 48 3
133.91 272 3
135.26 211 3
135.57 190 3
136.47 119 3
138.40 276 3
138.71 285 3
140.25 161 3
142.38 197 3
145.04 253 3
147.11 84 3
147.68 6 3
149.33 218 3
149.46 266 3
150.61 24 3
151.06 146 3
152.09 252 3
152.43 114 3
152.99 264 3
156.09 281 3
157.46 209 3
159.15 243 3
159.93 104 3
161.68 265 3
162.08 228 3
162.61 275 3
163.64 151 3
165.13 41 3
165.56 225 3
166.49 207 3
168.19 250 3
168.88 106 3
169.80 37 3
171.08 134 3
172.45 54 3
173.62 128 3
175.19 224 3
175.22 110 3
176.34 102 3
177.22 213 3
179.66 189 3
180.02 192 3
180.27 226 3
182.26 198 3
183.71 61 3
185.01 176 3
186.48 169 3
187.60 235 3
188.61 34 3
191.29 136 3
192.54 148 3
192.64 179 3
194.43 175 3
196.19 254 3
197.39 143 3
198.57 273 3
198.93 92 3
200.83 162 3
202.15 8 3
204.43 139 3
204.93 11 3
205.63 51 3
206.30 111 3
207.27 115 3
210.49 15 3
211.10 58 3
212.27 4 3
213.35 100 3
214.00 208 3
214.74 170 3
217.31 85 3
217.53 152 3
219.56 144 3
221.31 167 3
223.38 31 3
223.86 83 3
225.25 25 3
226.54 206 3
227.59 135 3
229.27 89 3
230.31 195 3
231.83 66 3
233.13 77 3
234.53 153 3
235.77 240 3
236.86 97 3
240.16 94 3
240.32 245 3
241.59 188 3
243.17 140 3
245.19 220 3
245.74 221 3
247.41 12 3
248.99 108 3
250.88 231 3
251.37 40 3
251.96 138 3
252.77 286 3
253.81 186 3
255.42 214 3
256.01 212 3
256.42 242 3
257.81 158 3
259.66 44 3
260.88 62 3
263.06 20 3
263.93 107 3
264.90 30 3
266.62 53 3
267.80 283 3
268.75 142 3
269.92 217 3
271.22 145 3
272.51 255 3
274.09 130 3
275.78 75 3
277.48 70 3
279.02 46 3
280.15 166 3
281.95 191 3
282.08 258 3
283.47 270 3
285.51 247 3
286.41 259 3
288.76 123 3
289.16 47 3
290.49 113 3
290.59 184 3
291.77 65 3
293.45 29 3
295.14 9 3
296.30 223 3
297.84 177 3
299.50 103 3
302.33 59 3
302.49 32 3
302.77 132 3
303.68 86 3
304.78 246 3
306.17 260 3
307.30 172 3
308.79 78 3
310.06 154 3
311.90 87 3
312.63 155 3
313.97 118 3
315.18 137 3
316.76 185 3
319.05 38 3
319.24 67 3
321.58 35 3
321.61 68 3
323.36 125 3
324.30 288 3
325.90 23 3
327.19 121 3
328.41 178 3
330.84 244 3
331.40 3 10
332.21 49 10
333.88 91 10
335.29 160 10
337.07 112 10
337.44 72 10
338.99 241 10
340.23 234 10
341.47 56 10
342.75 257 10
344.14 80 10
345.56 21 10
346.79 64 10
347.77 248 10
349.47 202 10
351.03 93 10
352.03 171 10
353.17 127 10
354.43 19 10
356.17 219 10
357.05 229 10
358.53 165 10
359.79 26 10
361.12 13 10
362.59 17 10
364.18 201 10
365.18 210 10
366.66 278 10
367.65 284 10
369.12 10 22
370.25 90 22
371.77 237 22
372.80 98 22
374.24 205 22
376.01 27 22
377.21 126 22
378.18 230 22
379.57 204 22
381.21 196 22
382.32 200 22
384.04 232 22
384.75 131 22
386.15 22 291
