4.98 231 0
8.49 64 0
11.76 20 0
13.49 247 0
15.51 167 0
19.59 91 0
27.04 62 0
27.54 17 0
28.03 230 0
29.48 246 0
30.01 107 0
32.08 258 0
32.29 56 0
34.18 30 0
36.38 108 0
38.08 135 0
40.18 204 0
41.15 144 0
48.27 86 0
48.85 3 0
51.01 98 0
53.02 65 0
54.23 38 0
54.32 145 0
57.42 9 0
58.09 232 0
58.17 260 0
62.32 44 0
63.07 90 0
65.40 23 0
66.60 257 0
67.91 132 0
68.02 68 0
71.47 190 0
74.93 121 0
79.81 13 0
80.82 202 0
81.32 177 0
85.92 154 0
85.98 140 0
86.18 240 0
86.35 93 0
87.03 274 0
89.96 127 0
92.20 49 0
92.96 32 0
97.29 155 0
98.04 24 0
100.08 283 0
101.38 118 0
101.77 188 0
105.29 242 0
106.71 223 0
107.02 184 0
108.97 25 0
110.43 160 0
112.78 191 0
113.41 252 0
118.08 286 0
118.25 120 0
119.52 220 0
121.36 200 0
121.42 208 0
124.31 249 0
126.33 99 0
127.42 79 0
131.24 28 0
135.22 263 0
137.89 171 0
138.15 52 0
138.96 168 0
139.27 71 0
139.42 72 0
144.08 192 0
144.88 149 0
148.93 287 0
149.43 173 0
150.09 69 0
150.54 215 0
151.23 280 0
151.40 238 0
152.61 159 0
155.01 227 0
155.61 256 0
158.13 259 0
161.76 78 0
162.24 82 0
163.01 150 0
163.48 182 0
165.04 203 0
165.93 85 0
168.55 187 0
171.73 276 0
173.32 174 0
173.96 112 0
174.75 217 0
174.90 33 0
177.16 42 0
177.97 179 0
181.85 164 0
183.34 74 0
184.01 290 0
185.17 267 0
187.80 124 0
188.37 158 0
190.17 156 0
190.94 166 0
191.18 279 0
192.61 224 0
193.69 239 0
193.71 183 0
196.05 212 0
201.37 39 0
201.45 229 0
203.73 198 0
204.75 80 0
204.77 225 0
205.29 88 0
206.46 195 0
209.11 105 0
211.56 138 0
211.79 255 0
213.53 63 0
214.17 116 0
215.38 248 0
216.81 1 0
218.78 128 0
220.77 194 0
223.29 60 0
223.59 45 0
224.24 10 0
224.43 101 0
224.81 261 0
226.28 53 0
226.30 216 0
228.28 219 0
229.40 83 0
232.17 43 0
233.84 147 0
235.70 0 2
236.85 14 2
236.88 59 2
237.85 289 2
238.24 141 2
241.66 193 2
241.68 218 2
244.14 213 2
244.88 29 2
244.90 262 2
246.53 22 2
248.94 77 2
250.79 275 2
250.93 27 2
251.68 16 2
252.49 282 2
253.67 186 2
255.04 272 2
257.58 67 2
259.49 106 2
262.23 284 2
262.69 46 2
263.06 36 2
263.83 161 2
266.01 134 2
266.05 6 2
268.65 185 2
270.85 165 2
273.20 234 2
273.82 270 2
274.28 96 2
275.07 35 2
276.94 76 2
277.22 104 2
278.00 264 2
279.53 265 2
281.85 281 2
282.26 253 2
282.29 12 2
283.77 207 2
285.33 163 2
286.27 151 2
286.33 51 2
287.51 7 2
289.80 201 2
291.12 237 2
292.64 125 2
293.16 126 2
293.72 54 2
295.12 221 2
296.90 197 2
298.10 244 2
299.10 48 2
299.69 209 2
300.01 113 2
300.86 50 2
303.26 278 2
303.54 226 2
303.57 47 2
305.23 123 2
306.61 75 2
308.76 205 2
309.42 268 2
311.31 180 2
311.60 210 2
311.92 288 2
313.99 70 2
315.04 241 2
316.74 94 2
319.30 103 2
320.49 130 2
321.68 131 2
323.87 41 2
323.96 87 2
325.30 111 2
325.82 19 2
327.32 115 2
328.59 15 2
330.46 26 2
331.05 254 2
334.51 172 2
335.05 58 2
335.31 211 2
335.75 170 2
337.23 4 2
338.61 245 2
339.63 102 2
340.56 137 2
341.92 57 2
343.13 196 2
345.14 181 2
345.91 40 2
347.42 84 2
348.31 21 2
349.62 122 2
351.53 18 2
352.39 142 2
353.67 61 2
355.40 178 2
356.79 148 2
357.95 214 2
358.97 189 2
360.36 175 2
361.90 95 2
362.48 266 2
363.84 8 2
364.81 143 2
366.65 199 2
367.48 133 2
369.28 117 2
371.07 176 2
371.40 89 2
372.08 236 2
374.45 73 2
375.47 110 2
377.21 162 2
377.70 233 2
378.95 129 2
380.17 5 2
381.68 136 2
383.04 273 2
383.90 37 2
385.70 222 2
386.67 2 11
387.76 139 11
388.80 55 11
391.77 206 11
391.88 31 11
393.23 269 11
394.63 243 11
395.53 285 11
396.84 277 11
398.56 169 11
399.77 92 11
401.33 109 11
402.51 97 11
403.61 66 11
404.80 81 11
406.38 114 11
407.35 153 11
408.81 235 11
410.56 100 11
411.30 157 11
412.78 11 34
413.76 152 34
415.10 251 34
416.92 250 34
417.93 119 34
419.24 146 34
421.35 34 228
422.06 271 228
423.32 228 291
