6.23 0 1
11.29 1 2
16.39 256 2
23.80 2 3
31.20 278 3
32.65 99 3
34.40 128 3
36.89 188 3
37.67 70 3
37.78 3 4
42.03 235 4
44.27 275 4
45.41 4 5
46.16 211 5
47.00 262 5
47.66 238 5
48.51 92 5
54.48 5 6
55.41 279 6
56.12 268 6
58.28 274 6
60.12 6 7
62.99 113 7
66.00 261 7
66.24 247 7
66.89 266 7
67.44 182 7
69.23 195 7
70.43 7 8
72.16 8 9
74.46 246 9
74.94 267 9
76.89 281 9
76.91 88 9
77.41 9 10
79.08 10 11
80.15 245 11
81.49 244 11
81.81 11 12
82.19 241 12
83.24 12 13
85.65 13 14
86.45 210 14
86.52 14 15
87.43 15 16
88.61 169 16
88.78 16 17
90.59 174 17
91.98 17 18
92.41 159 18
94.76 96 18
94.80 194 18
96.05 18 19
96.32 222 19
99.49 19 20
103.50 116 20
104.19 252 20
104.52 180 20
104.77 207 20
107.42 20 21
107.72 181 21
108.66 21 22
111.29 213 22
111.40 22 23
114.34 115 23
114.65 23 24
116.44 24 25
117.48 288 25
119.36 229 25
119.94 77 25
121.09 25 26
121.58 26 27
123.27 27 28
125.12 122 28
125.38 28 29
126.82 81 29
127.92 29 30
129.77 289 30
129.96 30 31
132.73 31 32
133.42 264 32
134.36 32 33
135.75 153 33
136.74 33 34
138.58 34 35
138.77 151 35
141.09 35 36
142.06 248 36
143.92 214 36
145.44 36 37
146.89 37 38
148.47 123 38
149.95 38 39
151.14 283 39
152.27 39 40
153.34 172 40
154.83 40 41
155.80 130 41
156.59 41 42
156.70 223 42
159.91 42 43
160.46 282 43
162.22 43 44
163.42 196 44
165.46 44 45
166.07 129 45
167.88 45 46
168.53 250 46
169.28 193 46
169.72 290 46
170.91 46 47
174.01 114 47
174.64 175 47
174.79 47 48
176.74 192 48
177.10 140 48
179.13 48 49
182.90 49 50
183.75 259 50
184.23 242 50
185.14 170 50
185.39 263 50
186.35 50 51
188.15 139 51
188.35 51 52
191.20 285 52
191.23 52 53
194.17 53 54
195.57 232 54
196.19 54 55
196.93 231 55
199.01 237 55
199.94 55 56
201.72 228 56
203.24 56 57
204.35 117 57
206.41 204 57
206.54 57 58
207.92 233 58
208.73 58 59
211.02 59 60
211.82 197 60
213.42 60 61
214.48 163 61
215.73 61 62
217.60 145 62
218.11 62 63
220.89 63 64
221.57 132 64
222.75 64 65
223.33 137 65
224.25 177 65
225.52 65 66
226.51 164 66
228.52 66 67
229.24 67 68
230.63 253 68
232.72 68 69
233.11 143 69
235.17 69 71
235.87 284 71
237.36 71 72
239.32 276 72
239.91 72 73
241.51 160 73
242.88 73 74
243.87 161 74
245.23 74 75
247.95 75 76
248.38 269 76
250.09 155 76
250.92 76 78
252.41 78 79
253.51 166 79
255.38 79 80
257.01 191 80
257.87 80 82
260.19 94 82
260.48 82 83
261.03 270 83
263.51 83 84
263.71 154 84
265.22 84 85
267.24 157 85
268.62 85 86
269.90 257 86
271.85 86 87
272.00 254 87
272.33 147 87
274.49 87 89
274.56 260 89
277.03 89 90
277.70 176 90
279.24 90 91
279.71 91 93
281.75 93 95
282.25 95 97
284.70 97 98
285.29 225 98
286.76 98 100
287.69 100 101
289.26 101 102
291.11 109 102
291.63 102 103
294.02 103 104
294.79 149 104
295.76 104 105
297.99 105 106
298.04 112 106
300.17 106 107
301.27 107 108
301.81 108 110
303.28 110 111
304.54 111 118
306.51 118 119
307.13 119 120
309.18 202 120
309.68 120 121
311.55 165 121
312.45 121 124
314.72 124 125
315.05 156 125
317.49 125 126
317.52 126 127
319.85 127 131
320.35 208 131
321.42 131 133
324.14 277 133
324.49 133 134
325.62 134 135
328.04 135 136
328.24 273 136
329.47 136 138
330.77 138 141
332.35 141 142
334.36 199 142
334.80 142 144
335.93 144 146
337.28 146 148
338.57 148 150
340.03 150 152
342.33 183 152
342.58 152 158
344.79 179 158
345.09 158 162
347.27 162 167
348.83 265 167
348.97 167 168
350.62 168 171
352.90 236 171
352.93 171 173
354.33 173 178
356.69 178 184
357.59 243 184
358.65 184 185
359.67 185 186
361.88 186 187
362.18 200 187
363.83 187 189
364.64 189 190
366.92 216 190
367.36 190 198
368.88 198 201
370.49 227 201
371.38 201 203
373.48 239 203
373.96 203 205
375.78 205 206
376.94 206 209
379.14 209 212
379.21 221 212
381.41 212 215
381.69 215 217
383.94 218 217
384.49 217 219
386.02 219 220
388.25 220 224
388.46 226 224
389.66 224 230
391.07 230 234
392.92 240 234
393.65 234 249
394.96 249 251
396.19 251 255
397.82 255 258
399.93 286 258
400.21 258 271
401.34 271 272
402.95 272 280
404.15 280 287
405.39 287 291
