3.06 12 0
4.82 0 1
6.05 1 2
7.87 156 2
9.15 2 3
9.67 263 3
10.60 3 4
12.59 4 5
14.86 130 5
14.95 5 6
17.56 6 7
19.18 38 7
21.93 7 8
25.32 264 8
26.84 90 8
28.13 8 9
30.18 9 10
33.49 117 10
34.74 36 10
38.52 10 11
38.90 115 11
40.94 11 13
44.34 13 14
46.37 14 15
49.07 43 15
52.32 57 15
52.91 251 15
55.32 15 16
58.33 23 16
59.71 16 17
62.59 17 18
63.59 174 18
63.79 257 18
64.59 18 19
66.26 51 19
67.91 19 20
70.57 223 20
71.25 91 20
72.38 20 21
74.16 272 21
75.93 21 22
75.96 254 22
77.71 126 22
78.73 22 24
80.54 24 25
82.68 25 26
84.89 282 26
85.56 26 27
86.22 27 28
88.00 28 29
89.05 266 29
89.81 52 29
91.18 29 30
93.08 30 31
95.70 46 31
98.46 31 32
99.78 204 32
101.34 32 33
103.29 33 34
106.91 34 35
110.08 65 35
110.60 35 37
112.67 37 39
114.75 39 40
116.34 40 41
119.93 265 41
122.31 53 41
129.39 41 42
133.61 42 44
134.90 166 44
137.45 207 44
138.29 221 44
140.17 44 45
143.92 45 47
144.34 202 47
147.11 284 47
147.49 70 47
148.16 47 48
148.77 192 48
151.23 48 49
153.22 181 49
154.56 49 50
154.93 72 50
157.97 50 54
158.36 71 54
159.80 54 55
161.37 76 55
162.85 55 56
163.12 106 56
163.35 74 56
166.03 56 58
167.82 58 59
168.83 111 59
169.74 59 60
172.71 60 61
176.19 61 62
176.52 77 62
179.58 62 63
179.91 226 63
185.00 63 64
185.45 224 64
189.35 64 66
194.85 182 66
195.07 149 66
198.18 66 67
199.20 285 67
203.99 69 67
207.84 79 67
208.68 168 67
214.34 68 67
215.29 248 67
216.71 67 73
217.37 82 73
219.36 233 73
222.54 157 73
225.83 73 75
228.21 213 75
229.76 84 75
230.30 290 75
235.25 75 78
235.75 87 78
238.04 187 78
238.45 232 78
244.56 78 80
247.76 114 80
251.02 88 80
254.98 80 81
257.93 81 83
258.58 151 83
260.25 92 83
262.66 277 83
264.45 289 83
267.39 83 85
268.60 222 85
272.27 231 85
273.72 85 86
274.23 95 86
277.11 96 86
280.19 135 86
283.63 230 86
284.51 86 89
292.04 89 93
292.09 97 93
293.41 98 93
295.19 200 93
297.94 93 94
299.28 193 94
303.29 141 94
303.96 255 94
305.41 94 99
307.03 99 100
309.55 270 100
310.57 122 100
311.84 100 101
313.16 101 102
316.19 102 103
318.18 271 103
319.92 103 104
321.60 144 104
324.75 154 104
325.09 273 104
327.63 104 105
327.84 239 105
328.43 288 105
331.87 281 105
334.41 173 105
337.39 276 105
342.14 165 105
344.87 105 107
347.21 225 107
353.04 134 107
353.83 148 107
358.98 107 108
361.41 259 108
363.99 108 109
369.23 109 110
374.47 110 112
375.98 242 112
379.29 112 113
386.62 252 113
391.34 113 116
392.77 262 116
396.45 185 116
401.27 116 118
405.34 250 118
409.81 118 119
415.39 119 120
419.68 177 120
420.73 199 120
424.16 120 121
429.24 121 123
430.36 210 123
431.16 140 123
433.27 123 124
438.60 124 125
440.67 228 125
444.03 125 127
449.36 127 128
451.07 214 128
454.59 128 129
459.43 170 129
461.24 240 129
469.63 172 129
474.46 129 131
479.61 131 132
481.31 206 132
485.59 215 132
489.86 132 133
495.54 133 136
495.88 136 137
501.06 137 138
510.72 196 138
512.25 150 138
512.56 138 139
515.27 234 139
515.73 139 142
520.67 142 143
522.33 143 145
523.60 145 146
532.68 171 146
532.76 163 146
535.98 146 147
541.75 147 152
545.38 253 152
546.62 269 152
547.88 152 153
551.85 153 155
555.45 155 158
555.70 218 158
560.98 158 159
568.09 283 159
570.89 159 160
573.06 205 160
592.61 197 160
592.89 160 161
598.95 161 162
599.29 237 162
601.24 178 162
606.57 258 162
610.07 162 164
612.92 184 164
615.79 164 167
620.23 201 167
623.77 167 169
628.52 169 175
638.88 175 176
640.75 287 176
643.86 176 179
646.65 212 179
650.02 179 180
660.07 180 183
660.41 219 183
666.06 208 183
666.62 183 186
670.65 260 186
671.36 186 188
673.39 188 189
682.76 189 190
683.57 190 191
684.02 280 191
684.05 209 191
691.09 191 194
694.95 194 195
703.06 195 198
707.31 286 198
710.01 198 203
715.18 249 203
718.35 203 211
719.98 211 216
724.45 216 217
726.63 256 217
729.35 217 220
734.82 235 220
737.92 227 220
739.29 238 220
739.66 220 229
739.69 278 229
749.61 274 229
761.69 229 236
775.04 236 241
775.53 279 241
784.82 275 241
787.38 241 243
790.67 247 243
792.30 243 244
795.81 268 244
797.85 244 245
802.12 245 246
803.40 246 261
803.72 261 267
804.42 267 291
