2.34 0 1
3.97 1 2
7.53 34 2
8.29 2 3
8.98 68 3
12.60 3 4
14.57 131 4
14.81 132 4
15.95 4 5
17.88 5 6
23.25 257 6
23.95 136 6
24.33 206 6
24.60 6 7
26.16 7 8
28.13 22 8
33.95 137 8
36.24 233 8
36.50 150 8
39.77 8 9
40.45 9 10
41.46 10 11
42.32 139 11
43.19 11 12
46.45 12 13
50.65 171 13
50.80 142 13
50.96 143 13
51.53 50 13
51.58 277 13
53.87 13 14
55.48 14 15
61.39 146 15
62.65 232 15
63.82 15 16
64.01 165 16
64.69 145 16
66.08 163 16
66.85 16 17
68.01 17 18
69.73 18 19
74.34 19 20
74.79 276 20
76.20 134 20
77.56 147 20
78.31 172 20
79.43 20 21
81.63 270 21
82.80 221 21
83.84 21 23
86.26 95 23
93.81 152 23
95.01 23 24
95.64 253 24
95.86 76 24
96.89 103 24
101.18 24 25
102.55 25 26
105.88 93 26
106.45 197 26
109.47 218 26
109.74 26 27
110.43 27 28
112.39 205 28
117.75 28 29
119.83 133 29
120.57 109 29
122.41 178 29
125.01 224 29
129.26 258 29
129.42 162 29
129.54 154 29
131.95 161 29
133.35 237 29
134.71 29 30
136.90 164 30
139.10 110 30
140.50 30 31
141.15 184 31
144.35 31 32
149.16 201 32
150.32 265 32
150.72 155 32
151.03 32 33
157.08 158 33
159.61 287 33
160.64 33 35
160.81 212 35
160.97 200 35
166.99 35 36
167.34 138 36
170.97 135 36
173.50 36 37
176.98 208 37
182.28 239 37
184.76 37 38
185.10 179 38
193.35 167 38
194.62 38 39
198.16 183 39
198.36 176 39
199.11 226 39
201.14 219 39
202.51 168 39
206.09 39 40
206.80 112 40
210.84 187 40
214.87 189 40
217.53 186 40
218.48 190 40
219.82 100 40
220.08 74 40
220.18 260 40
220.49 280 40
221.89 40 41
224.17 94 41
225.52 41 42
227.90 272 42
228.31 198 42
229.22 215 42
230.45 42 43
230.79 126 43
231.55 256 43
232.25 43 44
233.23 251 44
237.17 234 44
237.76 228 44
239.48 44 45
239.62 286 45
240.42 209 45
243.04 45 46
244.89 225 46
245.79 46 47
245.98 216 47
251.17 235 47
251.74 203 47
251.82 278 47
252.22 217 47
253.09 47 48
254.95 48 49
255.68 144 49
257.37 49 51
258.42 254 51
259.08 249 51
260.60 51 52
262.25 220 52
264.01 227 52
265.28 195 52
266.11 70 52
266.25 52 53
267.93 85 53
269.06 53 54
269.47 279 54
271.42 54 55
273.72 55 56
277.13 56 57
279.95 99 57
283.13 57 58
283.90 166 58
284.84 128 58
287.91 58 59
288.31 188 59
291.17 247 59
291.88 59 60
293.43 275 60
297.62 60 61
298.90 211 61
300.77 61 62
303.53 273 62
304.31 262 62
304.84 281 62
308.25 62 63
308.79 268 63
310.33 241 63
315.08 113 63
317.77 106 63
318.24 97 63
318.89 92 63
320.30 63 64
327.10 64 65
327.53 159 65
328.65 246 65
329.00 88 65
329.80 65 66
332.26 261 66
336.13 182 66
336.61 148 66
336.69 244 66
339.95 149 66
340.07 66 67
340.53 169 67
342.14 67 69
343.00 213 69
344.35 69 71
344.47 174 71
344.66 71 72
346.17 173 72
347.40 72 73
347.45 73 75
347.80 181 75
349.22 105 75
349.42 96 75
350.51 75 77
351.52 77 78
352.41 78 79
354.32 79 80
355.32 116 80
355.50 80 81
357.71 157 81
359.11 81 82
360.71 82 83
363.03 83 84
363.73 104 84
364.93 84 86
366.63 86 87
368.70 194 87
369.42 120 87
369.95 87 89
372.21 89 90
372.58 90 91
373.88 191 91
376.17 202 91
376.33 91 98
378.72 242 98
379.31 98 101
381.35 115 101
382.27 117 101
382.67 101 102
384.64 102 107
386.63 269 107
386.85 107 108
389.43 255 108
389.66 108 111
390.39 180 111
391.32 111 114
394.11 240 114
394.71 114 118
397.55 118 119
398.37 284 119
399.46 119 121
400.88 236 121
401.94 121 122
403.21 122 123
403.54 264 123
404.51 199 123
405.57 123 124
408.36 129 124
409.19 124 125
411.61 125 127
412.00 243 127
412.76 127 130
415.69 130 140
415.87 160 140
418.46 156 140
419.26 140 141
419.91 204 141
421.67 263 141
422.64 141 151
424.42 210 151
424.70 185 151
425.88 151 153
427.79 153 170
427.85 250 170
428.31 259 170
431.41 170 175
431.61 175 177
432.78 271 177
433.81 177 192
434.55 290 192
435.46 192 193
437.24 193 196
438.32 230 196
439.62 196 207
441.20 207 214
441.82 214 222
443.77 248 222
444.61 222 223
446.82 223 229
447.04 288 229
449.25 252 229
449.61 229 231
451.08 231 238
452.05 238 245
454.60 267 245
454.63 245 266
456.55 266 274
457.41 274 282
458.82 282 283
460.50 283 285
462.17 285 289
464.17 289 291
