2.89 0 1
6.49 34 1
8.13 1 2
10.75 2 3
13.38 3 4
17.48 156 4
18.63 4 5
23.38 265 5
23.87 5 6
28.63 204 6
29.12 6 7
33.22 282 7
34.37 7 8
39.12 8 9
39.61 115 9
42.24 9 10
47.32 54 10
47.49 10 11
51.91 11 12
54.21 37 12
55.36 12 13
59.95 285 13
60.60 13 14
63.23 14 15
65.85 15 16
68.47 16 17
73.56 222 17
73.72 17 18
76.34 18 19
80.61 19 20
83.72 85 20
84.21 20 21
86.84 21 22
89.46 22 23
94.38 23 24
95.36 90 24
97.33 24 25
101.27 44 25
102.58 25 26
105.20 26 27
107.83 27 28
110.45 28 29
113.56 126 29
115.70 29 30
118.32 30 31
125.75 130 31
126.71 31 32
131.77 75 32
135.74 32 33
137.63 277 33
140.68 284 33
142.30 33 35
147.45 35 36
152.62 36 38
152.76 224 38
162.04 38 39
164.64 117 39
165.57 239 39
168.22 39 40
174.67 221 40
178.02 40 41
179.01 181 41
183.62 41 42
186.92 288 42
188.84 42 43
198.75 111 43
198.80 43 45
199.74 281 45
204.27 45 46
213.00 226 46
214.72 46 47
215.47 56 47
219.69 47 48
225.03 48 49
226.75 144 49
233.65 49 50
236.24 157 50
238.47 223 50
240.41 50 51
247.24 202 51
250.30 51 52
256.19 263 52
260.09 52 53
261.71 272 53
264.06 264 53
265.44 53 55
274.69 276 55
275.68 55 57
277.27 154 57
280.92 57 58
287.67 251 58
290.43 91 58
291.09 58 59
299.50 174 59
301.26 59 60
301.58 76 60
306.69 60 61
310.17 257 61
314.29 173 61
315.91 61 62
321.26 62 63
322.47 254 63
326.37 63 64
331.26 64 65
335.43 266 65
336.71 65 66
341.68 66 67
349.31 271 67
349.91 67 68
353.08 166 68
357.35 68 69
362.60 69 70
362.81 207 70
367.59 70 71
375.31 122 71
376.59 225 71
378.13 71 72
383.40 72 73
392.56 74 73
393.87 73 77
396.26 192 77
398.96 77 78
404.11 78 79
409.62 106 79
413.05 79 80
414.69 149 80
419.29 80 81
424.52 81 82
432.34 182 82
433.10 82 83
435.71 233 83
440.23 83 84
444.11 168 84
448.82 84 86
450.05 213 86
454.93 86 87
456.73 248 87
463.87 87 88
467.89 187 88
468.18 232 88
469.25 290 88
471.15 88 89
476.40 89 92
481.60 92 93
488.47 93 94
489.51 114 94
492.05 289 94
494.61 94 95
499.86 95 96
500.54 151 96
509.04 96 97
511.34 230 97
515.60 97 98
518.16 231 98
524.13 98 99
526.42 135 99
527.95 255 99
531.25 99 100
536.59 100 101
537.88 200 101
541.66 101 102
545.76 141 102
546.91 102 103
552.02 103 104
560.40 165 104
562.32 104 105
567.45 105 107
572.33 270 107
573.65 193 107
577.27 148 107
578.25 107 108
580.64 273 108
586.87 108 109
589.79 259 109
593.52 109 110
598.56 110 112
600.14 134 112
606.31 112 113
609.45 252 113
613.40 113 116
620.77 185 116
621.26 242 116
623.07 116 118
628.01 118 119
633.17 119 120
641.18 199 120
641.34 262 120
641.70 250 120
643.39 120 121
652.10 210 121
653.64 121 123
657.12 177 123
662.06 123 124
664.03 140 124
668.77 124 125
673.91 125 127
679.08 127 128
683.84 128 129
685.31 228 129
692.07 206 129
694.13 129 131
696.35 214 131
696.60 170 131
699.42 131 132
704.65 132 133
709.07 240 133
709.31 172 133
709.82 133 136
715.13 136 137
718.71 215 137
724.11 150 137
725.31 137 138
730.04 138 139
737.67 139 142
744.23 234 142
745.21 142 143
750.42 143 145
755.58 145 146
763.12 163 146
766.21 196 146
766.32 146 147
773.78 269 147
776.83 147 152
777.43 171 152
782.08 152 153
787.35 153 155
792.48 155 158
802.59 283 158
802.89 158 159
808.03 159 160
814.00 253 160
815.66 218 160
816.15 237 160
818.85 160 161
819.73 205 161
823.95 197 161
824.06 161 162
831.86 201 162
832.84 178 162
834.48 162 164
839.61 164 167
848.36 208 167
850.00 167 169
855.11 169 175
860.37 175 176
861.38 258 176
865.19 176 179
867.84 184 179
869.64 179 180
874.69 180 183
882.04 183 186
887.18 209 186
888.31 186 188
892.86 188 189
893.99 212 189
897.97 189 190
902.88 190 191
907.41 219 191
908.37 287 191
911.74 286 191
913.28 191 194
919.14 260 194
919.18 198 194
923.77 194 195
929.05 195 203
935.97 203 211
936.69 280 211
940.39 256 211
942.11 249 211
943.91 211 216
950.45 216 217
956.86 217 220
965.70 238 220
967.34 220 227
977.23 227 229
977.73 274 229
981.63 229 235
984.79 278 235
986.87 235 236
987.69 275 236
996.14 236 241
997.27 279 241
998.11 268 241
1002.27 241 243
1007.29 243 244
1012.50 244 245
1017.69 247 245
1017.95 245 246
1022.91 246 261
1028.19 261 267
1032.82 267 291
