2.25 0 1
4.31 1 2
5.09 2 3
7.79 3 4
9.88 26 4
12.27 166 4
12.29 4 5
14.66 221 5
15.82 126 5
16.94 5 6
19.60 6 7
20.93 202 7
22.39 7 8
24.21 284 8
26.03 70 8
26.28 130 8
28.62 8 9
30.25 181 9
35.18 71 9
36.00 9 10
38.15 76 10
41.08 192 10
41.44 10 11
46.34 111 11
46.37 251 11
48.90 11 12
54.69 226 12
56.62 106 12
56.86 21 12
57.40 12 13
58.59 13 14
61.72 57 14
62.54 224 14
64.03 14 15
64.71 15 16
65.72 16 17
66.49 182 17
67.75 17 18
68.95 285 18
70.12 18 19
71.45 19 20
72.48 20 22
73.53 22 23
75.80 117 23
76.75 79 23
77.51 168 23
78.20 23 24
79.44 32 24
80.43 24 25
81.19 25 27
83.01 37 27
85.39 82 27
85.54 27 28
87.14 28 29
87.27 254 29
88.05 248 29
89.62 29 30
90.55 68 30
94.15 66 30
94.70 30 31
97.47 31 33
98.49 33 34
100.00 34 35
101.35 74 35
104.48 35 36
107.12 36 38
109.82 38 39
109.82 290 39
112.71 39 40
112.92 75 40
114.07 213 40
117.11 40 41
119.65 41 42
123.57 42 43
123.91 187 43
126.22 52 43
128.69 115 43
132.64 43 44
132.87 151 44
137.32 149 44
141.35 92 44
142.40 114 44
143.60 80 44
145.71 44 45
147.45 48 45
154.36 96 45
156.01 272 45
156.98 45 46
157.72 289 46
158.69 174 46
159.01 222 46
159.72 95 46
160.79 230 46
160.82 46 47
161.68 135 47
164.69 47 49
164.90 223 49
168.56 97 49
169.09 157 49
170.40 200 49
170.78 231 49
171.88 49 50
173.54 50 51
177.19 53 51
178.49 51 54
182.19 232 54
184.31 54 55
187.07 141 55
188.92 55 56
189.48 59 56
194.54 99 56
196.32 56 58
200.33 288 58
206.25 281 58
207.09 270 58
207.81 58 60
214.20 276 60
214.53 60 61
214.86 193 61
218.00 61 62
218.62 62 63
223.17 273 63
223.77 63 64
227.90 134 64
229.59 64 65
230.14 165 65
231.23 144 65
232.25 65 67
235.30 72 67
236.43 98 67
238.18 242 67
238.50 67 69
241.24 69 73
245.01 107 73
245.82 259 73
246.74 266 73
248.83 73 77
249.04 109 77
249.22 105 77
251.25 148 77
252.71 77 78
257.90 262 78
258.43 207 78
259.46 112 78
259.94 78 81
260.73 110 81
261.40 108 81
262.65 81 83
264.16 83 84
266.63 91 84
266.66 265 84
268.19 250 84
268.35 84 85
269.38 113 85
274.87 85 86
276.30 86 87
276.89 156 87
280.05 252 87
280.95 87 88
282.55 282 88
284.85 177 88
285.50 88 89
289.12 89 90
289.57 185 90
291.43 255 90
293.07 90 93
294.75 118 93
299.28 93 94
300.53 119 94
301.08 94 100
303.72 199 100
306.09 100 101
309.43 120 101
315.34 225 101
316.66 101 102
317.59 263 102
321.90 228 102
323.07 204 102
323.36 140 102
325.05 102 103
329.45 103 104
329.89 214 104
332.17 264 104
332.66 125 104
334.65 170 104
334.96 240 104
339.42 210 104
340.67 104 116
341.78 271 116
342.41 116 121
343.88 121 122
350.27 239 122
352.71 122 123
357.16 129 123
360.76 172 123
363.21 123 124
363.89 124 127
367.71 127 128
368.45 136 128
371.35 173 128
373.35 128 131
377.68 131 132
381.15 215 132
382.84 132 133
384.15 257 133
384.20 137 133
384.53 150 133
387.83 133 138
390.34 206 138
391.93 233 138
395.06 234 138
398.73 154 138
399.98 277 138
400.17 196 138
401.36 138 139
406.58 139 142
406.97 142 143
409.83 163 143
410.75 143 145
412.46 145 146
418.43 171 146
419.48 146 147
428.10 147 152
435.02 253 152
437.68 152 153
445.39 153 155
447.46 269 155
451.34 155 158
456.53 158 159
457.80 283 159
459.77 159 160
471.30 197 160
471.61 218 160
475.31 205 160
481.26 160 161
483.34 161 162
484.42 237 162
488.93 164 162
489.25 162 167
496.52 178 167
499.95 167 169
502.12 258 169
505.32 169 175
510.31 201 175
520.25 184 175
523.41 175 176
529.88 176 179
537.65 287 179
538.33 212 179
539.19 180 179
539.35 179 183
543.43 260 183
543.74 208 183
543.77 183 186
547.04 186 188
550.72 188 189
551.42 219 189
554.03 280 189
554.84 189 190
559.27 190 191
565.55 249 191
567.57 191 194
568.22 209 194
577.11 194 195
590.47 195 198
597.57 198 203
598.53 286 203
606.40 203 211
611.73 211 216
612.92 216 217
618.34 217 220
622.36 256 220
627.24 235 220
627.45 220 227
627.79 227 229
633.17 278 229
635.52 229 236
640.05 238 236
642.35 279 236
645.70 274 236
646.34 236 241
653.00 275 241
655.97 241 243
661.17 243 244
668.35 268 244
671.13 244 245
675.50 245 246
675.82 247 246
676.16 261 246
679.40 246 267
679.68 267 291
