3.00 0 1
5.66 13 1
8.29 1 2
8.92 75 2
10.72 2 3
12.24 25 3
15.35 3 4
17.12 4 5
17.75 284 5
19.39 5 6
22.12 18 6
23.34 6 7
25.98 7 8
28.64 9 8
29.90 224 8
30.23 8 10
32.55 285 10
34.24 10 11
36.82 35 11
38.32 11 12
41.03 32 12
42.55 239 12
42.64 12 14
46.17 277 14
48.06 14 15
50.73 44 15
51.81 221 15
52.57 15 16
55.29 126 16
56.72 16 17
59.13 222 17
60.77 17 19
63.40 39 19
63.61 288 19
65.45 19 20
68.37 24 20
69.48 20 21
71.65 21 22
74.31 37 22
75.62 111 22
75.94 22 23
78.54 27 23
79.60 23 26
81.81 26 28
84.91 43 28
86.41 156 28
88.17 28 29
90.84 40 29
92.51 29 30
92.58 56 30
94.74 30 31
97.75 42 31
99.26 31 33
101.63 33 34
103.27 144 34
103.55 34 36
105.83 36 38
108.64 281 38
110.57 38 41
112.76 41 45
113.32 157 45
115.00 46 45
117.09 45 47
119.67 47 48
122.43 54 48
129.84 48 49
131.85 49 50
136.19 263 50
138.28 50 51
138.37 264 51
139.10 130 51
143.54 85 51
143.70 51 52
148.81 90 52
150.15 52 53
151.57 154 53
155.56 115 53
156.56 53 55
157.33 117 55
161.83 226 55
162.39 251 55
163.38 55 57
168.19 57 58
171.22 272 58
173.96 174 58
176.32 276 58
179.64 58 59
182.50 91 59
189.49 257 59
191.11 59 60
193.31 265 60
194.42 223 60
197.72 181 60
202.17 254 60
202.47 60 61
209.78 282 61
212.77 61 62
214.59 266 62
218.45 204 62
221.12 62 63
223.62 271 63
224.51 63 64
227.71 64 65
230.72 65 66
236.39 76 66
236.82 207 66
237.75 66 67
240.82 67 68
244.87 68 69
248.95 173 69
249.53 122 69
251.24 69 70
256.34 166 70
259.98 70 71
265.69 202 71
269.42 71 72
274.82 72 73
279.96 225 73
281.05 192 73
284.77 73 74
292.39 77 74
294.27 74 78
295.96 106 78
300.94 78 79
307.14 149 79
311.54 79 80
313.49 182 80
316.37 80 81
321.53 81 82
323.68 168 82
326.88 82 83
332.28 83 84
334.67 248 84
338.04 233 84
340.22 84 86
342.48 232 86
344.77 290 86
345.95 213 86
346.29 86 87
348.82 87 88
355.32 114 88
357.59 88 89
359.50 187 89
363.46 89 92
368.18 92 93
373.49 151 93
374.54 93 94
379.26 231 94
379.33 289 94
381.66 94 95
385.29 95 96
386.13 135 96
391.07 96 97
400.25 200 97
402.55 97 98
405.73 230 98
408.54 98 99
410.84 141 99
416.61 99 100
424.27 100 101
431.43 101 102
436.39 102 103
441.59 103 104
442.25 255 104
448.40 165 104
449.15 270 104
451.04 193 104
453.43 104 105
457.65 273 105
460.59 105 107
469.25 148 107
470.93 107 108
476.00 108 109
477.56 134 109
481.22 259 109
484.77 109 110
489.93 110 112
494.80 112 113
496.53 242 113
502.03 252 113
504.70 113 116
511.08 185 116
514.74 262 116
515.01 116 118
516.14 250 118
519.78 118 119
524.51 119 120
530.76 177 120
530.87 199 120
534.39 120 121
541.67 210 121
543.90 121 123
549.16 123 124
549.72 228 124
555.07 140 124
558.63 214 124
559.62 124 125
565.03 125 127
569.25 170 127
570.40 127 128
578.53 128 129
583.28 172 129
583.85 129 131
587.62 131 132
589.22 240 132
593.08 215 132
594.89 132 133
596.87 206 133
597.99 133 136
602.07 136 137
610.55 137 138
617.83 150 138
618.28 138 139
620.63 196 139
621.72 139 142
625.97 142 143
631.19 143 145
632.27 234 145
640.11 171 145
644.04 145 146
650.14 146 147
657.24 163 147
662.43 147 152
670.60 152 153
678.13 269 153
679.76 153 155
682.22 155 158
685.99 218 158
688.70 158 159
690.37 283 159
693.83 253 159
695.76 159 160
705.76 160 161
710.04 237 161
712.88 161 162
715.50 197 162
716.18 205 162
722.14 162 164
731.73 164 167
734.72 201 167
736.65 178 167
740.02 167 169
740.09 184 169
743.13 258 169
745.46 169 175
750.82 175 176
756.00 176 179
765.51 179 180
770.51 180 183
775.45 183 186
780.70 186 188
785.78 188 189
788.82 287 189
789.60 219 189
791.04 189 190
791.37 208 190
791.75 212 190
796.23 260 190
796.92 190 191
806.26 191 194
808.74 209 194
811.60 280 194
813.12 198 194
816.64 249 194
816.99 194 195
833.21 195 203
840.49 286 203
846.29 235 203
850.56 203 211
855.74 256 211
857.69 227 211
859.03 211 216
862.05 278 216
862.30 216 217
863.95 217 220
875.58 220 229
880.75 229 236
890.73 236 238
897.22 238 241
897.85 274 241
900.33 268 241
901.65 279 241
902.29 261 241
903.29 241 243
903.62 275 243
904.54 243 244
907.48 244 245
910.46 245 246
912.99 246 247
916.08 247 267
917.20 267 291
