5.20 34 0
8.04 0 1
10.09 1 2
14.24 178 2
14.60 200 2
16.62 2 3
18.98 3 4
19.44 258 4
21.58 184 4
23.69 4 5
25.37 162 5
25.46 226 5
29.11 224 5
30.82 287 5
31.05 5 6
33.77 138 6
34.43 6 7
36.64 110 7
36.66 201 7
37.17 7 8
38.68 212 8
38.76 251 8
38.90 8 9
40.07 9 10
41.17 10 11
42.38 11 12
42.72 135 12
44.46 230 12
45.65 12 13
46.25 265 13
46.73 239 13
47.43 13 14
49.35 14 15
52.08 176 15
53.96 179 15
54.62 219 15
54.67 215 15
54.69 15 16
55.61 126 16
57.69 16 17
61.76 208 17
65.06 17 18
67.51 188 18
68.19 144 18
69.74 18 19
73.63 19 20
78.78 209 20
80.83 165 20
82.13 189 20
83.46 74 20
84.27 183 20
84.51 20 21
87.61 21 22
95.59 168 22
96.18 273 22
97.39 167 22
97.74 22 23
98.41 23 24
104.37 190 24
104.54 187 24
104.99 24 25
105.33 280 25
107.21 25 26
109.72 26 27
112.94 249 27
114.60 186 27
114.64 70 27
115.46 27 28
117.91 28 29
123.86 256 29
128.78 286 29
130.14 234 29
131.84 29 30
136.91 30 31
140.01 278 31
142.66 217 31
144.40 216 31
146.23 235 31
148.26 31 32
148.76 285 32
152.47 32 33
154.91 220 33
155.10 92 33
158.06 33 35
158.51 177 35
159.15 99 35
160.54 238 35
162.20 279 35
162.96 35 36
164.79 128 36
165.10 229 36
166.79 88 36
168.46 274 36
168.58 198 36
168.92 36 37
171.42 90 37
171.55 37 38
175.00 38 39
176.02 236 39
177.65 266 39
178.16 100 39
178.61 39 40
179.29 275 40
179.82 211 40
181.63 40 41
184.00 247 41
188.69 41 42
190.12 268 42
193.50 195 42
193.84 180 42
193.97 42 43
198.44 43 44
200.21 159 44
200.42 98 44
200.60 262 44
202.72 241 44
204.30 281 44
205.47 44 45
209.48 246 45
210.39 66 45
211.65 203 45
215.79 45 46
218.09 252 46
218.49 46 47
219.53 272 47
220.48 47 48
221.85 182 48
223.37 213 48
224.84 48 49
226.32 130 49
226.45 49 50
226.63 113 50
228.29 50 51
228.93 108 51
230.78 51 52
232.41 173 52
233.07 52 53
234.67 210 53
234.76 181 53
235.68 53 54
237.28 289 54
237.56 54 55
239.25 55 56
240.76 56 57
241.01 193 57
242.16 57 58
244.00 231 58
244.47 207 58
244.58 58 59
245.00 91 59
245.31 59 60
246.39 60 61
248.13 61 62
248.47 127 62
249.97 62 63
252.00 153 63
252.81 63 64
254.91 107 64
255.41 64 65
258.85 102 65
259.02 65 67
262.19 67 68
263.28 80 68
263.36 118 68
263.44 245 68
265.54 68 69
268.18 69 71
269.24 169 71
270.07 255 71
270.98 101 71
271.42 71 72
273.63 72 73
274.69 125 73
276.73 73 75
277.66 170 75
279.67 75 76
280.63 267 76
281.21 76 77
284.41 77 78
284.75 223 78
285.62 271 78
287.94 78 79
289.21 119 79
290.13 204 79
291.11 79 81
291.25 194 81
293.25 81 82
293.29 282 82
295.27 192 82
296.49 82 83
297.90 175 83
298.52 83 84
303.33 84 85
303.56 141 85
303.77 196 85
305.60 185 85
307.86 85 86
308.86 152 86
309.46 259 86
309.86 86 87
311.99 87 89
312.89 283 89
314.93 89 93
316.89 243 93
316.97 93 94
319.45 94 95
320.84 95 96
320.92 222 96
321.00 96 97
324.12 277 97
324.14 97 103
327.05 140 103
327.60 103 104
328.89 225 104
331.33 149 104
332.49 105 104
332.60 104 106
333.83 214 106
334.33 106 109
335.62 109 111
336.89 111 112
338.76 131 112
340.63 112 114
342.39 248 114
343.40 114 115
343.64 146 115
343.66 115 116
345.60 205 116
346.74 116 117
349.03 142 117
349.12 117 120
351.71 120 121
352.28 221 121
353.28 121 122
355.22 122 123
355.56 218 123
358.27 123 124
358.52 206 124
360.65 124 129
362.33 129 132
363.29 171 132
365.30 132 133
366.05 156 133
367.59 133 134
368.10 134 136
370.19 136 137
371.09 137 139
371.17 202 139
373.99 139 143
374.70 227 143
376.08 143 145
377.49 199 145
378.77 145 147
380.69 147 148
380.96 260 148
382.76 148 150
384.54 150 151
386.04 151 154
386.47 158 154
387.25 154 155
389.83 157 155
391.50 155 160
392.36 240 160
394.53 160 161
396.08 164 161
396.87 257 161
397.10 161 163
398.14 254 163
398.83 163 166
401.27 166 172
401.43 237 172
402.85 172 174
404.11 174 191
405.86 191 197
407.58 244 197
409.38 197 228
409.53 228 232
411.54 232 233
412.80 276 233
413.34 233 242
415.78 242 250
416.20 261 250
417.17 250 253
419.16 264 253
419.60 253 263
421.12 263 269
421.41 290 269
422.64 269 270
424.72 284 270
425.11 270 288
426.67 288 291
