3.53 259 0
4.33 192 0
6.93 0 1
8.70 1 2
10.23 105 2
12.46 108 2
12.94 2 3
13.61 242 3
16.86 3 4
18.46 109 4
19.95 4 5
20.44 91 5
23.39 114 5
24.28 156 5
25.28 5 6
27.50 262 6
27.86 166 6
28.55 6 7
31.45 28 7
33.21 282 7
34.39 78 7
34.73 7 8
38.47 24 8
39.40 8 9
42.06 185 9
43.19 23 9
43.65 250 9
44.94 9 10
48.32 10 11
48.96 118 11
51.53 199 11
52.51 285 11
52.72 248 11
54.01 11 12
57.67 12 13
59.38 255 13
60.14 120 13
61.73 13 14
66.24 94 14
66.93 177 14
67.64 14 15
69.57 15 16
70.48 82 16
71.37 263 16
73.77 22 16
75.06 290 16
76.98 16 17
77.45 204 17
79.08 17 18
81.27 228 18
85.15 264 18
88.14 58 18
88.76 214 18
89.05 18 19
90.63 19 20
92.52 20 21
103.42 89 21
103.65 240 21
103.78 21 25
108.07 170 25
110.05 25 26
110.43 121 26
112.78 26 27
114.40 27 29
120.58 68 29
122.14 129 29
124.64 131 29
127.69 124 29
128.03 29 30
129.95 104 30
131.44 34 30
132.61 257 30
135.35 30 31
139.82 31 32
140.48 132 32
142.79 233 32
144.81 119 32
146.70 206 32
150.20 136 32
152.45 137 32
153.40 128 32
154.63 277 32
156.62 32 33
159.84 33 35
160.49 101 35
160.54 142 35
161.28 150 35
164.87 196 35
167.32 145 35
167.76 35 36
168.23 172 36
168.99 139 36
170.86 36 37
174.96 163 37
175.23 37 38
177.52 102 38
178.86 43 38
179.53 38 39
184.93 143 39
186.58 221 39
186.61 59 39
187.23 147 39
188.33 39 40
188.65 171 40
189.71 50 40
191.23 165 40
191.43 193 40
193.91 40 41
194.13 146 41
197.21 152 41
198.43 41 42
198.51 103 42
199.07 232 42
201.10 276 42
201.67 67 42
204.62 134 42
204.95 42 44
206.88 269 44
208.67 44 45
209.58 270 45
209.80 218 45
211.60 45 46
211.75 95 46
216.31 46 47
216.98 197 47
218.75 47 48
220.14 76 48
220.93 253 48
224.06 48 49
226.15 283 49
226.70 178 49
227.42 49 51
230.02 158 51
230.39 51 52
233.90 155 52
234.32 52 53
236.65 258 53
237.32 53 54
238.89 93 54
239.17 205 54
245.18 237 54
246.31 54 55
246.88 133 55
247.60 184 55
248.57 141 55
249.56 55 56
252.31 224 56
255.49 56 57
259.19 87 57
260.64 162 57
262.87 57 60
263.38 154 60
270.34 60 61
271.40 164 61
271.43 200 61
275.14 239 61
277.88 61 62
278.36 208 62
278.56 110 62
280.59 161 62
280.98 226 62
283.97 111 62
286.24 179 62
289.26 125 62
289.49 202 62
289.63 287 62
290.78 62 63
295.23 63 64
297.24 212 64
297.85 183 64
297.91 66 64
299.81 176 64
302.13 64 65
305.67 187 65
305.69 219 65
307.58 65 69
310.59 123 69
312.81 69 70
313.29 126 70
314.53 201 70
316.86 135 70
317.37 188 70
317.54 260 70
319.79 70 71
320.15 144 71
321.96 167 71
323.63 190 71
325.05 215 71
325.36 71 72
325.80 138 72
327.44 265 72
329.19 72 73
329.50 168 73
329.60 209 73
335.10 127 73
337.28 189 73
339.21 73 74
340.39 74 75
345.13 230 75
348.90 249 75
349.96 251 75
353.19 234 75
354.02 191 75
354.34 112 75
356.53 273 75
357.81 75 77
361.63 280 77
361.77 286 77
364.62 284 77
364.98 278 77
368.60 77 79
369.87 79 80
371.02 80 81
373.80 235 81
378.79 225 81
380.38 254 81
380.76 256 81
383.60 81 83
386.00 227 83
386.17 83 84
386.75 84 85
387.15 186 85
388.83 117 85
390.52 85 86
394.24 223 86
396.31 216 86
398.13 238 86
398.31 86 88
399.93 220 88
404.28 274 88
406.17 231 88
406.24 96 88
407.62 88 90
408.43 92 90
409.13 90 97
409.35 217 97
409.67 99 97
410.49 279 97
411.49 97 98
418.19 229 98
419.77 98 100
423.76 122 100
424.41 268 100
424.57 236 100
424.85 100 106
425.78 275 106
426.89 198 106
429.84 106 107
431.51 107 113
433.48 175 113
434.54 113 115
437.38 115 116
440.06 243 116
440.70 288 116
442.31 116 130
443.44 244 130
446.99 130 140
449.65 261 140
449.95 169 140
451.24 140 148
452.02 148 149
452.46 241 149
453.33 271 149
453.61 149 151
454.38 151 153
455.28 153 157
455.31 159 157
455.70 245 157
457.23 160 157
457.80 157 173
457.98 289 173
460.05 173 174
461.58 174 180
462.00 207 180
462.31 180 181
464.20 181 182
465.07 267 182
466.22 182 194
467.48 252 194
468.80 222 194
469.79 194 195
471.87 195 203
472.48 272 203
473.18 210 203
473.90 203 211
475.90 211 213
476.71 266 213
478.14 213 246
480.02 281 246
480.29 246 247
481.70 247 291
