2.95 52 0
4.09 0 1
6.84 1 2
7.31 151 2
11.02 114 2
11.17 92 2
11.19 2 3
12.48 48 3
13.33 3 4
18.04 4 5
19.12 289 5
19.14 222 5
19.48 174 5
22.01 6 5
23.74 223 5
23.76 5 7
24.73 7 8
26.61 8 9
28.49 95 9
29.11 74 9
29.64 46 9
31.86 33 9
34.64 9 10
36.41 13 10
39.93 96 10
42.52 10 11
46.43 76 11
48.02 231 11
49.25 43 11
52.37 11 12
55.89 12 14
59.51 232 14
61.72 14 15
63.18 200 15
66.67 59 15
66.94 15 16
68.76 16 17
69.86 17 18
70.97 18 19
72.09 19 20
73.11 226 20
74.96 55 20
77.03 20 21
78.42 32 21
80.86 21 22
83.62 270 22
85.33 22 23
88.89 23 24
89.84 193 24
92.58 24 25
95.11 281 25
96.92 25 26
99.70 26 27
101.04 80 27
102.74 27 28
104.63 273 28
104.88 28 29
106.45 42 29
109.60 29 30
113.60 30 31
113.77 98 31
116.85 259 31
117.68 148 31
118.76 248 31
119.04 105 31
123.99 134 31
127.98 192 31
129.15 31 34
130.97 242 34
134.41 107 34
138.50 108 34
139.86 230 34
142.87 109 34
143.17 34 35
148.22 91 35
151.31 262 35
155.11 35 36
156.08 156 36
157.90 252 36
160.81 166 36
160.98 36 37
162.17 250 37
166.18 255 37
167.11 37 38
167.18 282 38
169.21 78 38
170.71 185 38
173.26 38 39
176.19 118 39
177.08 94 39
178.31 177 39
179.37 39 40
182.34 199 40
183.58 228 40
186.31 113 40
187.08 40 41
187.76 41 44
187.78 285 44
189.94 120 44
190.04 44 45
192.72 214 45
192.85 45 47
194.94 47 49
196.10 82 49
197.54 49 50
198.67 210 50
199.37 263 50
200.56 290 50
202.10 54 50
203.51 170 50
203.93 50 51
206.27 51 53
206.81 204 53
209.17 53 56
211.70 56 57
212.81 121 57
212.93 240 57
215.07 264 57
216.35 116 57
216.46 58 57
218.86 57 60
219.94 93 60
221.40 60 61
223.05 61 62
225.01 62 63
229.32 89 63
229.97 129 63
230.72 124 63
231.69 104 63
232.37 63 64
234.07 271 64
235.67 64 65
238.28 65 66
240.92 66 67
245.43 132 67
246.29 67 68
246.63 68 69
247.79 173 69
250.84 131 69
251.48 206 69
251.95 69 70
254.91 70 71
258.17 257 71
261.36 137 71
262.80 71 72
263.62 136 72
267.37 72 73
269.00 233 73
272.21 150 73
274.73 196 73
275.70 73 75
278.41 213 75
281.16 119 75
285.06 75 77
290.99 77 79
292.15 139 79
294.12 128 79
296.71 171 79
298.18 79 81
300.08 277 81
301.06 101 81
301.46 145 81
302.72 142 81
304.64 146 81
304.98 102 81
305.30 143 81
306.48 163 81
310.48 81 83
310.75 172 83
311.15 165 83
312.36 83 84
314.36 147 84
317.01 221 84
319.10 126 84
321.43 152 84
322.36 84 85
322.62 276 85
327.30 103 85
328.31 253 85
333.66 85 86
336.36 86 87
337.17 218 87
337.49 269 87
339.14 159 87
341.20 87 88
343.42 88 90
344.71 237 90
345.39 283 90
347.03 90 97
348.02 127 97
349.55 97 99
351.05 197 99
352.37 160 99
352.55 99 100
353.51 205 100
357.77 141 100
358.28 100 106
363.01 207 106
364.28 161 106
366.01 106 110
368.08 251 110
377.14 258 110
378.85 123 110
380.06 110 111
380.39 164 111
380.48 133 111
380.73 178 111
385.11 184 111
386.18 111 112
386.49 201 112
390.33 155 112
391.23 162 112
391.90 112 115
392.28 167 115
393.99 115 117
395.31 158 117
396.02 224 117
398.91 202 117
400.58 117 122
402.18 154 122
407.13 181 122
408.96 212 122
410.10 287 122
410.88 265 122
413.09 175 122
414.97 138 122
416.11 122 125
418.63 135 125
424.36 125 130
424.73 169 130
429.54 130 140
432.25 180 140
433.85 219 140
437.65 260 140
440.32 140 144
442.11 183 144
445.13 266 144
445.51 144 149
446.31 208 149
447.35 188 149
447.94 176 149
453.25 280 149
456.86 187 149
457.20 179 149
458.64 157 149
459.25 249 149
460.23 149 153
462.06 194 153
462.27 168 153
462.71 191 153
463.76 153 182
464.60 182 186
465.02 186 189
467.88 189 190
468.40 278 190
470.57 190 195
471.07 288 195
472.62 198 195
474.13 272 195
476.54 195 203
477.52 239 203
477.88 209 203
479.36 235 203
482.93 215 203
483.84 203 211
485.63 225 211
486.76 256 211
487.26 227 211
490.87 234 211
492.05 211 216
492.61 284 216
493.90 216 217
494.90 286 217
500.02 217 220
503.97 254 220
511.17 220 229
519.03 275 229
523.54 229 236
525.58 238 236
528.99 268 236
533.35 236 241
546.08 274 241
546.93 279 241
553.05 241 243
556.03 243 244
559.81 247 244
565.81 244 245
566.14 245 246
566.58 267 246
567.38 246 261
568.73 261 291
