1.96 0 1
3.28 1 2
4.51 2 3
6.58 3 4
7.93 4 5
8.87 5 6
10.07 6 7
11.73 7 8
12.60 8 9
14.37 9 10
15.47 10 11
17.28 11 12
19.60 13 12
19.66 12 14
20.98 14 15
22.04 15 16
23.49 16 17
24.66 17 18
26.16 18 19
27.29 19 20
28.81 20 21
30.21 21 22
31.69 22 23
33.27 23 24
34.60 24 25
36.05 25 26
37.44 26 27
39.15 27 28
40.21 28 29
41.93 30 29
42.26 29 31
44.31 31 32
44.97 32 33
45.84 33 34
47.32 34 35
48.59 35 36
49.85 36 37
50.92 37 38
53.66 39 38
54.53 38 40
54.99 40 41
56.73 41 42
57.68 42 43
59.29 43 44
61.00 44 45
62.50 45 46
63.99 46 47
65.27 47 48
66.37 48 49
67.45 49 50
68.77 50 51
70.43 51 52
71.47 52 53
73.12 53 54
74.41 54 55
76.46 55 56
77.31 56 57
78.39 57 58
80.11 58 59
81.09 59 60
82.89 60 61
84.60 61 62
85.26 62 63
88.15 63 64
88.17 64 65
89.29 65 66
90.71 66 67
91.89 67 68
93.74 68 69
94.59 69 70
95.98 70 71
97.08 71 72
98.76 72 73
101.00 73 74
101.17 74 75
102.58 75 76
103.83 76 77
105.49 77 78
106.98 78 79
108.51 79 80
109.84 80 81
110.69 81 82
112.03 82 83
113.91 83 84
115.14 84 85
116.17 85 86
117.71 86 87
119.60 87 88
122.11 88 89
124.39 89 90
127.52 90 91
129.89 91 92
131.95 92 93
134.66 93 94
135.80 94 95
136.91 95 96
139.03 96 97
141.21 97 98
142.97 98 99
144.75 99 100
145.47 100 101
147.13 101 102
151.60 104 102
152.17 102 103
152.45 103 105
153.26 105 106
153.78 106 107
154.29 107 108
155.33 108 109
155.90 110 109
156.39 109 111
156.74 111 112
157.48 112 113
159.02 113 114
159.42 114 115
160.39 115 116
161.42 116 117
162.68 117 118
163.60 118 119
164.34 119 120
165.58 120 121
167.13 121 122
168.26 122 123
169.25 123 124
171.15 124 125
172.07 125 126
173.72 126 127
174.86 127 128
176.52 128 129
178.24 129 130
180.50 130 131
182.54 131 132
185.12 132 133
187.76 133 134
189.43 134 135
193.20 135 136
194.66 136 137
195.00 137 138
195.32 138 139
196.61 139 140
197.84 140 141
200.08 141 142
202.22 142 143
203.10 144 143
203.30 143 145
206.20 146 145
206.63 145 147
207.17 147 148
209.82 148 149
210.50 149 150
210.74 150 151
211.61 151 152
212.83 152 153
214.33 153 154
215.56 154 155
216.83 155 156
217.61 156 157
218.97 157 158
220.14 158 159
221.97 159 160
223.00 160 161
224.63 161 162
226.58 162 163
227.34 163 164
228.81 164 165
230.09 165 166
231.48 166 167
232.85 167 168
234.40 168 169
235.54 169 170
236.99 170 171
238.56 171 172
239.75 172 173
241.16 173 174
243.28 174 175
245.10 175 176
247.42 176 177
248.08 177 178
249.63 178 179
251.52 179 180
252.61 180 181
253.43 181 182
255.49 182 183
256.97 184 183
257.23 183 185
259.00 185 186
260.95 186 187
262.73 187 188
263.52 188 189
265.56 189 190
267.64 190 191
269.28 191 192
270.68 192 193
271.49 193 194
273.19 194 195
273.85 195 196
275.28 196 197
276.94 197 198
278.19 198 199
279.45 199 200
281.06 200 201
282.59 201 202
283.20 202 203
284.51 203 204
287.30 204 205
288.48 205 206
289.07 206 207
290.38 207 208
291.48 208 209
292.56 209 210
294.36 210 211
295.19 211 212
296.79 212 213
298.14 213 214
299.12 214 215
300.46 215 216
301.51 216 217
304.26 217 218
305.98 218 219
307.62 219 220
310.14 220 221
312.14 221 222
316.44 222 223
321.77 223 224
326.34 224 225
330.79 225 226
332.04 226 227
333.11 227 228
336.72 228 229
347.67 229 230
358.20 230 231
362.09 231 232
368.88 232 233
374.13 233 234
377.80 234 235
382.77 235 236
388.12 236 237
390.17 237 238
393.22 238 239
395.91 239 240
398.44 240 241
401.32 241 242
406.44 242 243
411.77 243 244
417.09 244 245
422.30 245 246
427.19 246 247
432.29 247 248
437.25 248 249
445.93 249 250
449.12 250 251
451.32 251 252
453.76 252 253
456.48 253 254
459.35 254 255
462.13 255 256
464.80 256 257
467.46 257 258
470.38 258 259
472.77 259 260
476.43 260 261
480.36 261 262
482.99 262 263
488.23 263 264
495.04 264 265
500.37 265 266
505.72 266 267
509.86 267 268
513.20 268 269
521.44 269 270
525.07 270 271
528.55 271 272
536.17 272 273
540.99 273 274
546.30 274 275
551.63 275 276
556.94 276 277
562.28 277 278
567.68 278 279
573.06 279 280
578.39 280 281
583.72 281 282
589.04 282 283
594.37 283 284
599.72 284 285
605.03 285 286
610.36 286 287
615.67 287 288
627.67 288 289
639.53 289 290
640.93 290 291
