1.89 0 1
3.73 1 2
4.86 2 3
6.16 3 4
7.63 4 5
8.70 5 6
10.12 6 7
11.46 7 8
13.10 8 9
14.51 9 10
15.64 10 11
17.07 11 12
18.76 12 13
20.44 13 14
21.73 14 15
23.39 15 16
24.48 16 17
26.56 17 18
28.85 18 19
29.82 19 20
33.21 20 21
34.28 21 22
34.61 22 23
36.82 23 24
38.22 24 25
38.91 25 26
40.47 26 27
41.74 27 28
43.07 28 29
45.28 29 30
46.54 30 31
48.89 31 32
49.92 32 33
50.97 33 34
52.24 34 35
53.47 35 36
55.34 36 37
56.25 37 38
57.94 38 39
59.29 39 40
60.83 40 41
62.18 41 42
64.42 42 43
65.72 43 44
67.21 44 45
69.32 45 46
70.25 46 47
71.22 47 48
72.93 48 49
73.81 49 50
75.41 50 51
76.83 51 52
78.49 52 53
79.83 53 54
86.08 54 55
87.35 55 56
87.61 56 57
88.06 57 58
88.68 58 59
90.47 59 60
92.29 60 61
92.50 61 62
92.62 62 63
92.82 63 64
93.95 65 64
94.28 64 66
95.37 66 67
97.18 67 68
97.69 68 69
99.01 69 70
100.40 70 71
101.94 71 72
103.29 72 73
104.26 74 73
104.89 73 75
106.04 76 75
106.25 75 77
107.73 77 78
108.76 78 79
109.14 79 80
111.28 80 81
113.54 83 81
113.59 81 82
113.71 82 84
115.54 84 85
117.01 85 86
118.12 86 87
118.92 87 88
120.22 88 89
122.22 89 90
124.52 90 91
126.39 91 92
127.50 92 93
129.52 93 94
130.45 94 95
132.50 95 96
133.53 96 97
134.60 97 98
136.31 98 99
137.04 99 100
138.19 100 101
139.73 101 102
141.32 102 103
143.22 103 104
144.16 104 105
145.52 105 106
147.24 106 107
148.47 107 108
149.71 108 109
151.44 109 110
153.79 110 111
155.61 112 111
155.65 111 113
158.35 113 114
159.25 114 115
161.14 115 116
162.77 116 117
163.93 117 118
165.53 118 119
166.88 119 120
168.47 120 121
170.02 121 122
171.77 122 123
173.22 123 124
178.95 124 125
179.51 125 126
180.25 126 127
182.14 127 128
184.21 128 129
190.05 129 130
192.41 130 131
195.15 132 131
195.49 131 133
197.84 133 134
199.98 134 135
201.65 135 136
203.18 136 137
205.16 137 138
210.99 138 139
211.67 140 139
212.86 139 141
214.68 141 142
215.67 142 143
216.28 143 144
217.22 144 145
219.36 145 146
220.16 146 147
221.31 147 148
222.62 148 149
223.80 149 150
225.47 150 151
227.71 151 152
229.30 152 153
235.08 153 154
236.09 154 155
236.90 155 156
237.21 156 157
241.56 157 158
243.07 158 159
244.19 160 159
245.34 159 161
249.73 161 162
254.93 162 163
261.90 163 164
271.28 164 165
273.66 165 166
275.24 166 167
276.86 167 168
279.11 168 169
280.76 169 170
281.80 170 171
284.99 171 172
289.07 172 173
294.39 173 174
299.72 174 175
306.65 175 176
311.87 176 177
316.97 177 178
322.02 178 179
327.69 179 180
332.94 180 181
338.76 181 182
343.68 182 183
348.92 183 184
354.17 184 185
359.42 185 186
361.71 186 187
366.96 187 188
372.18 188 189
384.83 189 190
391.09 190 191
402.51 191 192
408.26 192 193
413.56 193 194
417.59 194 195
422.11 195 196
423.78 196 197
426.30 197 198
428.83 198 199
432.25 199 200
435.18 200 201
438.48 201 202
441.48 202 203
446.77 203 204
453.94 204 205
460.18 205 206
466.92 206 207
470.34 207 208
477.35 208 209
481.52 209 210
488.46 210 211
492.55 211 212
498.13 212 213
504.81 213 214
508.29 214 215
512.96 215 216
518.31 216 217
523.63 217 218
529.26 218 219
534.52 219 220
540.22 220 221
545.12 221 222
550.30 222 223
555.33 223 224
560.10 224 225
564.35 225 226
567.11 226 227
574.22 227 228
578.50 228 229
592.47 229 230
598.95 230 231
604.06 231 232
609.96 232 233
613.47 233 234
617.13 234 235
622.54 235 236
627.64 236 237
633.61 237 238
635.55 238 239
638.24 239 240
640.91 240 241
644.00 241 242
649.35 242 243
654.72 243 244
658.17 244 245
662.21 245 246
662.87 246 247
665.90 247 248
668.29 248 249
670.64 249 250
673.61 250 251
676.24 251 252
678.89 252 253
681.26 253 254
684.32 254 255
688.02 255 256
693.27 256 257
699.85 257 258
705.94 258 259
711.26 259 260
716.62 260 261
725.62 261 262
731.16 262 263
735.48 263 264
740.56 264 265
745.95 265 266
752.37 266 267
762.54 267 268
763.37 268 269
770.44 269 270
775.04 270 271
778.98 271 272
787.61 272 273
792.57 273 274
797.89 274 275
803.22 275 276
808.54 276 277
813.88 277 278
819.25 278 279
828.45 279 280
830.97 280 281
835.10 281 282
839.22 282 283
844.98 283 284
848.51 284 285
850.79 285 286
855.63 286 287
861.00 287 288
868.87 288 289
883.07 289 290
884.11 290 291
