2.87 0 1
4.79 1 2
6.71 2 3
8.40 3 4
11.27 4 5
12.62 5 6
14.26 6 7
15.59 7 8
17.54 8 9
18.91 9 10
20.66 10 11
21.66 11 12
23.00 12 13
24.43 13 14
25.74 14 15
27.50 15 16
28.40 16 17
29.83 17 18
31.18 18 19
32.52 19 20
33.82 20 21
35.15 21 22
36.18 22 23
37.83 23 24
39.26 24 25
40.58 25 26
41.92 26 27
43.51 27 28
44.98 28 29
46.19 29 30
47.52 30 31
48.88 31 32
49.85 32 33
51.21 33 34
52.56 34 35
53.88 35 36
58.49 36 37
58.83 37 38
59.41 38 39
61.22 39 40
63.33 40 41
64.66 41 42
66.16 42 43
67.32 43 44
68.82 44 45
69.98 45 46
71.50 46 47
72.83 47 48
74.32 48 49
75.66 49 50
76.99 50 51
78.32 51 52
79.81 52 53
81.14 53 54
82.47 54 55
83.80 55 56
85.14 56 57
86.47 57 58
87.80 58 59
89.13 59 60
90.46 60 61
91.79 61 62
93.12 62 63
94.70 63 64
97.18 64 65
98.47 65 66
100.13 66 67
102.07 67 68
103.20 68 69
105.31 69 70
106.97 70 71
107.64 71 72
108.77 72 73
110.00 73 74
111.36 74 75
113.05 75 76
115.64 76 77
116.99 77 78
118.09 78 79
118.69 79 80
119.11 81 80
119.66 80 82
121.02 82 83
126.90 83 84
127.50 84 85
128.17 85 86
131.31 86 87
133.56 87 88
136.20 88 89
138.84 89 90
140.77 90 91
141.79 91 92
143.74 92 93
145.28 93 94
146.98 94 95
148.11 95 96
154.11 96 97
155.43 97 98
160.01 98 99
163.95 99 100
168.87 100 101
177.36 101 102
181.65 102 103
185.00 103 104
189.63 104 105
194.85 105 106
200.86 106 107
205.71 107 108
211.37 108 109
216.63 109 110
223.71 110 111
231.61 111 112
239.07 112 113
243.63 113 114
248.96 114 115
254.19 115 116
259.32 116 117
264.11 117 118
269.44 118 119
274.57 119 120
275.88 120 121
279.64 121 122
284.97 122 123
290.28 123 124
295.61 124 125
298.60 125 126
302.79 126 127
305.42 127 128
310.34 128 129
315.56 129 130
318.51 130 131
321.14 131 132
326.41 132 133
331.63 133 134
340.52 134 135
345.17 135 136
350.26 136 137
353.27 137 138
358.39 138 139
363.37 139 140
367.36 140 141
373.91 141 142
379.55 142 143
384.88 143 144
390.21 144 145
400.15 145 146
405.64 146 147
411.66 147 148
416.60 148 149
424.59 149 150
427.90 150 151
429.63 151 152
433.05 152 153
437.45 153 154
441.81 154 155
447.76 155 156
453.16 156 157
459.54 157 158
472.60 158 159
478.99 159 160
483.16 160 161
487.50 161 162
492.83 162 163
497.17 163 164
499.84 164 165
502.20 165 166
504.33 166 167
507.89 167 168
510.23 168 169
514.03 169 170
519.27 170 171
524.53 171 172
529.76 172 173
535.79 173 174
542.74 174 175
544.79 175 176
549.57 176 177
554.92 177 178
560.25 178 179
565.58 179 180
571.12 180 181
578.31 181 182
582.32 182 183
587.25 183 184
592.68 184 185
597.12 185 186
602.03 186 187
611.70 187 188
618.14 188 189
622.71 189 190
627.42 190 191
635.29 191 192
639.99 192 193
645.19 193 194
649.95 194 195
654.52 195 196
659.67 196 197
661.88 197 198
665.34 198 199
671.79 199 200
677.02 200 201
681.66 201 202
686.83 202 203
690.05 203 204
692.42 204 205
697.60 205 206
702.95 206 207
708.28 207 208
713.60 208 209
718.93 209 210
727.29 210 211
730.99 211 212
737.64 212 213
740.62 213 214
745.17 214 215
750.42 215 216
755.66 216 217
760.91 217 218
766.13 218 219
771.38 219 220
780.67 220 221
788.25 221 222
792.15 222 223
798.30 223 224
802.97 224 225
806.69 225 226
810.60 226 227
815.70 227 228
821.27 228 229
829.07 229 230
834.46 230 231
839.78 231 232
843.82 232 233
847.18 233 234
850.95 234 235
854.66 235 236
859.17 236 237
863.72 237 238
868.05 238 239
871.49 239 240
876.70 240 241
882.02 241 242
887.35 242 243
892.67 243 244
897.78 244 245
903.09 245 246
908.41 246 247
913.60 247 248
916.06 248 249
921.32 249 250
926.55 250 251
931.89 251 252
936.94 252 253
940.27 253 254
942.89 254 255
948.09 255 256
953.39 256 257
956.96 257 258
961.99 258 259
965.73 259 260
970.51 260 261
974.39 261 262
976.72 262 263
981.92 263 264
984.62 264 265
989.71 265 266
993.87 266 267
999.28 267 268
1002.85 268 269
1009.39 269 270
1013.48 270 271
1018.40 271 272
1027.02 272 273
1034.39 273 274
1039.69 274 275
1044.95 275 276
1049.99 276 277
1055.32 277 278
1059.71 278 279
1063.97 279 280
1068.89 280 281
1072.52 281 282
1076.78 282 283
1082.03 283 284
1087.28 284 285
1092.55 285 286
1100.91 286 287
1104.81 287 288
1111.25 288 289
1117.35 289 290
1118.44 290 291
