2.72 0 1
5.11 1 2
6.30 2 3
7.60 3 4
8.70 4 5
9.93 5 6
12.82 6 7
13.56 7 8
15.96 8 9
17.35 9 10
18.68 10 11
21.65 11 12
23.40 12 13
24.57 13 14
26.13 14 15
27.98 15 16
30.97 16 17
32.82 17 18
33.56 18 19
34.77 19 20
36.16 20 21
36.74 21 22
37.74 22 23
38.95 23 24
40.15 24 25
41.15 25 26
42.10 26 27
43.10 27 28
44.08 28 29
45.30 29 30
46.80 30 31
47.75 31 32
49.04 32 33
49.78 33 34
51.02 34 35
52.02 35 36
53.33 36 37
54.54 37 38
55.65 38 39
56.97 39 40
58.82 40 41
60.20 41 42
60.86 42 43
62.10 43 44
63.50 44 45
64.80 45 46
65.75 46 47
66.80 47 48
68.48 48 49
69.54 49 50
70.23 50 51
71.11 51 52
72.61 52 53
74.34 53 54
75.05 54 55
75.80 55 56
77.38 56 57
77.86 57 58
79.27 58 59
80.60 59 60
81.32 60 61
82.48 61 62
84.47 62 63
85.69 63 64
86.48 64 65
87.74 65 66
89.61 66 67
90.88 67 68
91.92 68 69
93.22 69 70
94.71 70 71
95.76 71 72
97.06 72 73
98.23 73 74
99.67 74 75
102.05 75 76
102.42 76 77
104.05 77 78
105.22 78 79
106.57 79 80
107.64 80 81
108.77 81 82
110.13 82 83
112.17 83 84
113.28 84 85
114.75 85 86
115.45 86 87
117.11 87 88
118.48 88 89
119.75 89 90
122.23 90 91
123.93 91 92
126.30 92 93
128.93 93 94
131.25 94 95
134.18 95 96
136.60 96 97
139.51 97 98
140.93 98 99
142.46 99 100
144.10 100 101
145.74 101 102
147.55 102 103
149.26 103 104
155.51 104 105
156.52 105 106
157.16 106 107
159.66 107 108
161.00 108 109
162.38 109 110
164.17 110 111
165.51 111 112
167.24 112 113
168.81 113 114
171.13 114 115
173.97 115 116
175.55 116 117
179.27 117 118
179.94 118 119
182.53 119 120
184.57 120 121
186.56 121 122
188.13 122 123
189.63 123 124
190.86 124 125
192.53 125 126
194.78 126 127
196.69 127 128
199.02 128 129
201.49 129 130
204.44 130 131
206.84 131 132
209.44 132 133
214.35 133 134
218.53 134 135
223.68 135 136
228.69 136 137
232.80 137 138
237.49 138 139
242.15 139 140
247.96 140 141
253.91 141 142
259.47 142 143
264.79 143 144
270.10 144 145
275.56 145 146
280.86 146 147
286.22 147 148
291.55 148 149
296.95 149 150
299.58 150 151
301.17 151 152
305.91 152 153
311.16 153 154
316.38 154 155
321.66 155 156
326.90 156 157
332.15 157 158
342.76 158 159
346.90 159 160
351.11 160 161
355.06 161 162
359.49 162 163
364.54 163 164
368.64 164 165
372.68 165 166
376.87 166 167
381.57 167 168
386.13 168 169
391.27 169 170
396.14 170 171
401.36 171 172
406.72 172 173
412.04 173 174
417.37 174 175
422.71 175 176
428.03 176 177
433.36 177 178
438.66 178 179
444.01 179 180
449.34 180 181
454.68 181 182
460.00 182 183
465.34 183 184
477.30 184 185
482.14 185 186
485.09 186 187
490.30 187 188
495.15 188 189
498.12 189 190
503.25 190 191
515.97 191 192
522.22 192 193
530.25 193 194
534.09 194 195
537.66 195 196
541.99 196 197
544.31 197 198
546.94 198 199
549.56 199 200
553.17 200 201
555.87 201 202
558.55 202 203
563.79 203 204
568.71 204 205
573.93 205 206
580.50 206 207
585.83 207 208
591.15 208 209
596.48 209 210
601.81 210 211
606.74 211 212
612.04 212 213
617.39 213 214
622.72 214 215
627.88 215 216
633.33 216 217
638.59 217 218
643.93 218 219
649.26 219 220
654.58 220 221
659.91 221 222
663.73 222 223
668.07 223 224
672.12 224 225
679.50 225 226
682.32 226 227
690.13 227 228
695.46 228 229
705.77 229 230
719.32 230 231
723.58 231 232
726.97 232 233
730.31 233 234
733.63 234 235
738.40 235 236
742.71 236 237
747.08 237 238
761.52 238 239
765.24 239 240
767.38 240 241
769.31 241 242
772.62 242 243
777.79 243 244
783.59 244 245
785.74 245 246
789.27 246 247
793.72 247 248
797.26 248 249
800.82 249 250
805.23 250 251
809.31 251 252
811.05 252 253
813.60 253 254
816.81 254 255
822.08 255 256
825.95 256 257
830.28 257 258
835.29 258 259
841.85 259 260
846.39 260 261
850.21 261 262
854.24 262 263
856.44 263 264
861.53 264 265
867.43 265 266
872.02 266 267
876.92 267 268
880.55 268 269
885.77 269 270
891.04 270 271
895.75 271 272
906.26 272 273
913.51 273 274
918.44 274 275
923.89 275 276
929.30 276 277
934.30 277 278
938.58 278 279
942.24 279 280
946.57 280 281
951.89 281 282
957.19 282 283
966.45 283 284
972.44 284 285
976.63 285 286
982.12 286 287
985.75 287 288
992.23 288 289
1002.54 289 290
1004.88 290 291
