2.74 0 1
3.92 1 2
5.23 2 3
5.78 3 4
7.70 4 5
8.34 5 6
9.82 6 7
13.29 8 7
14.38 7 9
14.67 9 10
16.87 11 10
17.09 10 12
18.18 12 13
20.03 13 14
20.98 14 15
22.59 15 16
23.70 16 17
24.76 17 18
25.98 18 19
27.44 19 20
29.21 20 21
30.62 21 22
31.58 22 23
32.75 23 24
34.01 24 25
35.39 25 26
36.54 26 27
37.89 27 28
39.40 28 29
40.27 29 30
41.51 30 31
43.04 31 32
44.36 32 33
45.82 33 34
48.22 35 34
48.24 34 36
50.30 36 37
50.87 37 38
52.33 38 39
53.63 39 40
55.02 40 41
56.23 41 42
57.33 42 43
58.70 43 44
60.15 44 45
61.71 45 46
62.48 46 47
64.41 47 48
65.25 48 49
66.65 49 50
68.53 50 51
69.49 51 52
70.95 52 53
72.22 53 54
73.76 54 55
75.79 55 56
76.32 56 57
77.28 57 58
78.85 58 59
79.75 59 60
81.34 60 61
82.63 61 62
84.20 62 63
86.56 64 63
88.86 63 65
89.01 65 66
89.72 66 67
90.21 67 68
92.25 68 69
93.96 69 70
94.95 70 71
95.63 71 72
96.78 72 73
98.34 73 74
99.57 74 75
101.24 75 76
102.24 76 77
103.78 77 78
104.96 78 79
106.19 79 80
107.39 80 81
109.16 81 82
111.14 82 83
112.12 83 84
113.18 84 85
114.43 85 86
115.86 86 87
117.16 87 88
119.10 88 89
119.68 89 90
120.66 90 91
122.53 91 92
123.51 92 93
125.24 93 94
126.77 94 95
128.60 95 96
130.15 96 97
131.95 97 98
133.78 98 99
136.70 99 100
138.21 100 101
138.55 101 102
140.73 102 103
142.11 103 104
143.99 104 105
145.02 105 106
146.35 106 107
148.08 107 108
148.72 108 109
150.24 109 110
154.49 110 111
154.98 111 112
157.40 112 113
160.43 113 114
163.07 114 115
165.38 115 116
168.24 117 116
169.79 118 116
170.12 116 119
171.45 119 120
173.41 120 121
174.52 121 122
178.50 124 122
179.17 122 123
179.46 123 125
182.97 126 125
183.22 127 125
184.09 128 125
184.16 125 129
185.28 129 130
189.05 130 131
189.34 131 132
189.87 132 133
190.73 133 134
193.36 134 135
193.71 135 136
195.44 136 137
196.10 137 138
198.59 138 139
199.39 139 140
200.05 140 141
202.14 141 142
203.01 142 143
203.99 143 144
204.85 144 145
206.48 145 146
207.83 146 147
209.50 147 148
209.99 148 149
211.56 149 150
213.53 150 151
214.61 151 152
215.78 152 153
217.22 153 154
218.92 154 155
220.29 155 156
222.40 156 157
223.16 157 158
224.58 158 159
226.27 159 160
227.88 160 161
229.29 162 161
230.34 161 163
230.89 163 164
231.92 164 165
232.85 165 166
234.39 166 167
235.49 167 168
237.39 168 169
238.34 169 170
239.65 170 171
242.22 171 172
243.49 172 173
244.60 173 174
246.36 174 175
247.88 175 176
248.84 176 177
250.13 177 178
252.80 178 179
253.77 179 180
254.71 180 181
258.10 181 182
259.37 182 183
261.44 183 184
263.75 184 185
264.46 185 186
266.52 186 187
268.76 187 188
271.02 188 189
273.59 189 190
276.97 190 191
282.14 191 192
288.77 192 193
296.88 193 194
300.41 194 195
303.70 195 196
308.74 196 197
309.16 197 198
311.12 198 199
313.04 199 200
316.33 200 201
323.32 201 202
327.08 202 203
331.88 203 204
336.05 204 205
339.42 205 206
344.07 206 207
349.30 207 208
354.57 208 209
359.79 209 210
365.04 210 211
370.31 211 212
379.20 212 213
385.90 213 214
391.20 214 215
394.03 215 216
395.53 216 217
400.58 217 218
405.91 218 219
411.23 219 220
416.54 220 221
429.57 221 222
434.46 222 223
443.48 223 224
447.79 224 225
451.73 225 226
453.70 226 227
456.02 227 228
461.37 228 229
466.77 229 230
472.12 230 231
477.47 231 232
491.75 232 233
497.76 233 234
500.84 234 235
507.12 235 236
511.47 236 237
515.86 237 238
520.93 238 239
524.71 239 240
528.96 240 241
531.89 241 242
534.28 242 243
539.35 243 244
541.51 244 245
548.67 245 246
552.48 246 247
557.93 247 248
563.79 248 249
567.01 249 250
571.77 250 251
577.65 251 252
579.38 252 253
583.36 253 254
584.32 254 255
587.64 255 256
590.38 256 257
593.47 257 258
598.33 258 259
600.82 259 260
603.35 260 261
605.16 261 262
608.87 262 263
612.58 263 264
616.81 264 265
622.07 265 266
627.40 266 267
635.82 267 268
638.78 268 269
651.00 269 270
656.46 270 271
659.96 271 272
665.21 272 273
670.48 273 274
675.70 274 275
680.95 275 276
686.20 276 277
691.47 277 278
699.96 278 279
706.27 279 280
712.30 280 281
716.10 281 282
720.52 282 283
725.86 283 284
730.96 284 285
735.79 285 286
739.76 286 287
744.92 287 288
751.83 288 289
762.13 289 290
763.23 290 291
