2.67 0 1
3.69 1 2
4.62 2 3
6.11 3 4
7.56 4 5
8.86 5 6
10.03 6 7
12.95 8 7
13.00 7 9
13.75 9 10
15.09 10 11
16.74 11 12
18.02 12 13
19.30 13 14
20.62 14 15
21.66 15 16
23.39 16 17
24.39 17 18
26.13 18 19
27.21 19 20
28.28 20 21
29.83 21 22
30.99 22 23
32.52 23 24
34.29 24 25
35.50 25 26
37.47 26 27
39.95 27 28
40.25 28 29
40.66 29 30
42.02 30 31
43.77 31 32
44.53 32 33
47.31 33 34
48.29 34 35
49.01 35 36
50.91 36 37
52.58 37 38
53.66 38 39
55.51 39 40
56.12 40 41
57.11 41 42
59.00 42 43
59.91 43 44
61.50 44 45
62.60 45 46
63.52 46 47
64.72 47 48
66.49 48 49
67.78 49 50
68.99 50 51
70.02 51 52
71.13 52 53
73.62 53 54
74.53 54 55
75.33 55 56
76.67 56 57
78.22 57 58
79.33 58 59
82.21 60 59
82.25 59 61
85.34 62 61
85.90 61 63
86.75 63 64
87.82 64 65
88.98 65 66
90.28 66 67
91.53 67 68
93.74 68 69
94.74 69 70
95.57 70 71
96.46 71 72
97.93 72 73
99.75 73 74
100.81 74 75
102.01 75 76
103.60 76 77
104.47 77 78
105.89 78 79
107.25 79 80
108.67 80 81
109.98 81 82
111.22 82 83
112.69 83 84
113.82 84 85
115.08 85 86
116.60 86 87
117.83 87 88
119.51 88 89
120.73 89 90
121.98 90 91
123.77 91 92
125.01 92 93
125.92 93 94
127.53 94 95
128.88 95 96
130.23 96 97
132.42 97 98
133.94 99 98
133.98 98 100
135.34 100 101
136.90 101 102
138.16 102 103
139.81 103 104
140.86 104 105
142.21 105 106
144.11 106 107
144.91 107 108
146.12 108 109
148.48 109 110
148.60 110 111
151.46 112 111
151.66 111 113
153.95 113 114
154.84 114 115
155.55 115 116
156.79 116 117
157.91 117 118
159.26 118 119
160.81 119 120
162.16 120 121
163.31 121 122
165.00 122 123
166.62 123 124
167.21 124 125
168.53 125 126
169.73 126 127
171.57 127 128
172.58 128 129
173.54 129 130
174.98 130 131
176.45 131 132
178.23 132 133
178.94 133 134
181.65 135 134
181.69 134 136
183.39 136 137
184.85 137 138
185.91 138 139
186.86 139 140
188.71 140 141
189.77 141 142
190.86 142 143
192.51 143 144
193.41 144 145
195.00 145 146
197.54 146 147
197.74 147 148
198.68 148 149
199.91 149 150
201.75 150 151
203.00 151 152
204.38 152 153
206.03 153 154
207.08 154 155
208.26 155 156
209.44 156 157
210.69 157 158
212.61 158 159
213.53 159 160
215.00 160 161
216.51 161 162
217.65 162 163
219.09 163 164
220.04 164 165
221.61 165 166
222.76 166 167
224.23 167 168
226.25 168 169
227.14 169 170
228.37 170 171
230.12 171 172
230.94 172 173
232.10 173 174
233.41 174 175
235.92 175 176
236.12 176 177
237.78 177 178
238.92 178 179
240.24 179 180
241.70 180 181
243.08 181 182
244.29 182 183
245.44 183 184
246.69 184 185
247.80 185 186
249.06 186 187
250.49 187 188
251.87 188 189
253.48 189 190
254.85 190 191
255.81 191 192
257.40 192 193
258.44 193 194
260.51 194 195
260.98 195 196
262.51 196 197
263.50 197 198
265.01 198 199
266.26 199 200
267.58 200 201
268.84 201 202
270.27 202 203
271.87 203 204
272.77 204 205
274.53 205 206
275.79 206 207
277.74 207 208
278.70 208 209
279.64 209 210
281.22 210 211
282.35 211 212
284.21 212 213
285.01 213 214
286.52 214 215
287.26 215 216
288.88 216 217
290.84 217 218
291.96 218 219
293.20 219 220
294.29 220 221
296.24 221 222
296.60 222 223
297.94 223 224
299.98 224 225
300.57 225 226
302.03 226 227
303.09 227 228
304.69 228 229
305.75 229 230
307.40 230 231
308.67 231 232
309.71 232 233
311.22 233 234
312.51 234 235
313.54 235 236
314.78 236 237
316.21 237 238
317.57 238 239
319.52 239 240
320.27 240 241
321.47 241 242
323.33 242 243
324.44 243 244
325.64 244 245
327.04 245 246
328.38 246 247
329.91 247 248
331.34 248 249
332.11 249 250
333.21 250 251
335.82 251 252
335.86 252 253
337.26 253 254
338.35 254 255
340.61 255 256
341.05 256 257
343.81 258 257
344.04 257 259
346.02 259 260
346.99 260 261
347.81 261 262
349.35 262 263
350.48 263 264
352.07 264 265
353.17 265 266
355.45 266 267
355.95 267 268
357.31 268 269
358.83 269 270
360.20 270 271
361.11 271 272
362.53 272 273
364.04 273 274
365.11 274 275
366.61 275 276
367.62 276 277
368.96 277 278
371.04 278 279
371.94 279 280
373.32 280 281
374.32 281 282
375.56 282 283
377.44 283 284
379.20 284 285
379.93 285 286
382.19 286 287
383.74 287 288
387.24 288 289
392.39 289 290
393.51 290 291
