2.89 0 1
5.51 1 2
8.13 2 3
10.76 3 4
13.38 4 5
16.01 5 6
18.63 6 7
21.25 7 8
23.88 8 9
26.50 9 10
29.12 10 11
31.75 11 12
34.37 12 13
36.99 13 14
39.62 14 15
42.24 15 16
44.86 16 17
47.49 17 18
50.11 18 19
52.73 19 20
55.36 20 21
57.98 21 22
60.60 22 23
63.23 23 24
65.85 24 25
68.48 25 26
71.10 26 27
73.72 27 28
76.35 28 29
78.97 29 30
81.59 30 31
84.22 31 32
86.84 32 33
89.46 33 34
92.09 34 35
94.71 35 36
97.33 36 37
99.96 37 38
102.58 38 39
105.21 39 40
107.83 40 41
110.45 41 42
113.08 42 43
115.70 43 44
118.32 44 45
121.53 45 46
126.68 46 47
131.94 47 48
137.19 48 49
142.43 49 50
147.54 50 51
152.73 51 52
157.86 52 53
163.14 53 54
168.36 54 55
173.52 55 56
178.74 56 57
183.97 57 58
189.21 58 59
194.43 59 60
199.68 60 61
204.89 61 62
210.09 62 63
215.31 63 64
220.50 64 65
225.67 65 66
230.92 66 67
236.17 67 68
240.91 68 69
246.05 69 70
251.31 70 71
256.55 71 72
261.60 72 73
266.26 73 74
271.47 74 75
276.68 75 76
281.69 76 77
286.65 77 78
291.72 78 79
296.86 79 80
302.10 80 81
307.34 81 82
312.59 82 83
317.84 83 84
323.08 84 85
328.33 85 86
333.58 86 87
338.56 87 88
343.72 88 89
348.89 89 90
354.07 90 91
358.64 91 92
363.96 92 93
369.11 93 94
373.78 94 95
379.08 95 96
384.19 96 97
389.40 97 98
394.61 98 99
399.85 99 100
405.10 100 101
410.35 101 102
415.62 102 103
420.87 103 104
426.14 104 105
431.36 105 106
436.61 106 107
441.86 107 108
447.11 108 109
452.35 109 110
457.08 110 111
461.02 111 112
465.12 112 113
469.54 113 114
473.65 114 115
478.07 115 116
482.66 116 117
486.97 117 118
491.81 118 119
496.27 119 120
501.39 120 121
505.97 121 122
510.55 122 123
515.70 123 124
520.87 124 125
525.44 125 126
530.33 126 127
535.60 127 128
540.79 128 129
546.01 129 130
551.26 130 131
556.50 131 132
561.75 132 133
567.00 133 134
572.24 134 135
577.55 135 136
582.40 136 137
587.64 137 138
592.89 138 139
598.14 139 140
603.38 140 141
608.63 141 142
613.90 142 143
618.92 143 144
624.16 144 145
629.32 145 146
634.47 146 147
639.41 147 148
644.33 148 149
649.28 149 150
654.26 150 151
658.95 151 152
664.20 152 153
669.45 153 154
674.70 154 155
679.94 155 156
685.19 156 157
690.44 157 158
695.43 158 159
699.75 159 160
703.85 160 161
707.67 161 162
712.37 162 163
716.30 163 164
720.93 164 165
725.30 165 166
729.57 166 167
734.39 167 168
739.67 168 169
744.17 169 170
749.36 170 171
754.52 171 172
759.76 172 173
765.01 173 174
770.26 174 175
775.55 175 176
780.80 176 177
786.04 177 178
791.29 178 179
796.54 179 180
801.78 180 181
807.03 181 182
812.28 182 183
817.46 183 184
822.71 184 185
827.96 185 186
833.21 186 187
838.45 187 188
843.70 188 189
848.95 189 190
854.19 190 191
859.38 191 192
864.52 192 193
869.44 193 194
874.02 194 195
878.65 195 196
883.56 196 197
887.97 197 198
891.93 198 199
896.52 199 200
901.64 200 201
906.89 201 202
912.13 202 203
917.25 203 204
922.49 204 205
927.74 205 206
932.99 206 207
938.25 207 208
943.50 208 209
948.74 209 210
953.99 210 211
959.24 211 212
964.49 212 213
969.73 213 214
975.07 214 215
980.21 215 216
985.46 216 217
990.71 217 218
995.95 218 219
1001.20 219 220
1006.45 220 221
1011.69 221 222
1017.03 222 223
1022.20 223 224
1027.45 224 225
1032.70 225 226
1037.92 226 227
1043.16 227 228
1048.41 228 229
1053.65 229 230
1057.86 230 231
1061.80 231 232
1065.30 232 233
1068.87 233 234
1072.34 234 235
1075.58 235 236
1079.10 236 237
1082.95 237 238
1086.39 238 239
1089.84 239 240
1093.89 240 241
1098.11 241 242
1102.64 242 243
1106.60 243 244
1110.49 244 245
1115.20 245 246
1119.81 246 247
1124.64 247 248
1129.34 248 249
1133.84 249 250
1139.04 250 251
1144.29 251 252
1149.40 252 253
1154.53 253 254
1159.80 254 255
1164.81 255 256
1169.98 256 257
1175.32 257 258
1179.97 258 259
1185.10 259 260
1190.26 260 261
1195.41 261 262
1200.66 262 263
1205.91 263 264
1211.15 264 265
1216.36 265 266
1221.60 266 267
1226.85 267 268
1232.10 268 269
1237.35 269 270
1242.59 270 271
1247.84 271 272
1253.08 272 273
1258.30 273 274
1263.46 274 275
1268.71 275 276
1273.95 276 277
1279.20 277 278
1284.45 278 279
1289.69 279 280
1294.96 280 281
1300.21 281 282
1305.45 282 283
1310.70 283 284
1315.93 284 285
1321.18 285 286
1326.42 286 287
1331.67 287 288
1336.93 288 289
1342.11 289 290
1343.21 290 291
