3.24 0 1
4.67 1 2
6.26 2 3
6.73 3 4
7.95 4 5
9.94 5 6
11.23 6 7
12.04 7 8
13.17 8 9
14.75 9 10
15.73 10 11
17.21 11 12
18.98 12 13
19.59 13 14
21.32 14 15
22.47 15 16
24.89 16 17
24.91 17 18
26.47 18 19
27.71 19 20
28.65 20 21
29.98 21 22
31.36 22 23
33.05 23 24
37.55 24 25
37.69 25 26
37.99 26 27
39.36 27 28
40.26 28 29
41.69 29 30
43.38 30 31
44.46 31 32
45.40 32 33
46.87 33 34
48.02 34 35
49.24 35 36
50.56 36 37
52.14 37 38
53.75 38 39
55.47 39 40
56.89 40 41
58.18 41 42
59.20 42 43
60.82 43 44
62.34 44 45
63.94 45 46
64.93 46 47
67.65 48 47
67.83 47 49
69.51 49 50
71.26 50 51
71.95 51 52
73.90 52 53
74.64 53 54
76.71 54 55
76.96 55 56
78.59 56 57
79.70 57 58
81.18 58 59
82.95 59 60
84.84 60 61
85.80 61 62
86.61 62 63
87.98 63 64
89.79 64 65
90.81 65 66
91.90 66 67
93.37 67 68
94.68 68 69
96.18 69 70
97.22 70 71
99.62 71 72
99.91 72 73
101.61 73 74
102.52 74 75
104.31 75 76
105.79 76 77
106.96 77 78
108.17 78 79
109.61 79 80
110.77 80 81
112.42 81 82
113.41 82 83
114.49 83 84
116.15 84 85
118.51 85 86
119.21 86 87
120.45 87 88
121.93 88 89
123.26 89 90
125.22 90 91
127.52 91 92
128.21 92 93
129.88 93 94
131.94 94 95
133.92 95 96
135.70 96 97
137.17 97 98
140.62 99 98
142.19 100 98
142.31 98 101
144.15 101 102
145.57 102 103
150.37 103 104
150.83 104 105
155.60 108 105
155.86 105 106
156.95 106 107
157.55 107 109
158.39 109 110
159.15 110 111
161.59 111 112
164.85 112 113
165.83 113 114
167.47 114 115
168.43 115 116
169.72 116 117
171.62 117 118
172.75 118 119
173.97 119 120
176.46 120 121
177.52 121 122
179.84 122 123
180.77 123 124
185.88 125 124
186.19 126 124
186.90 124 127
187.83 127 128
188.64 128 129
190.15 129 130
191.84 130 131
193.85 131 132
194.83 132 133
196.59 133 134
197.13 134 135
198.02 135 136
199.92 136 137
200.07 137 138
200.32 138 139
201.69 139 140
202.53 140 141
203.51 141 142
204.61 142 143
205.96 143 144
207.16 144 145
208.86 145 146
208.90 146 147
212.11 147 148
212.94 149 148
213.09 148 150
214.34 150 151
216.32 151 152
216.92 152 153
218.36 153 154
219.36 154 155
220.58 155 156
222.31 157 156
222.47 156 158
224.10 158 159
225.12 159 160
226.43 160 161
227.94 161 162
229.44 162 163
230.26 163 164
232.11 164 165
232.77 165 166
234.28 166 167
235.75 167 168
236.96 168 169
238.69 169 170
240.00 170 171
241.76 171 172
243.16 172 173
244.91 173 174
245.62 174 175
247.59 175 176
248.61 176 177
249.93 177 178
251.08 178 179
252.81 179 180
253.71 180 181
255.22 181 182
256.90 182 183
258.06 183 184
259.63 184 185
261.12 185 186
262.33 186 187
263.50 187 188
264.89 188 189
265.83 189 190
268.00 190 191
268.94 191 192
270.10 192 193
271.39 193 194
273.19 194 195
274.61 195 196
275.90 196 197
276.75 197 198
278.01 198 199
279.66 199 200
280.52 200 201
282.14 201 202
283.91 202 203
284.88 203 204
286.58 204 205
287.79 205 206
290.63 206 207
291.28 207 208
293.42 208 209
294.85 210 209
294.99 209 211
296.06 211 212
297.65 212 213
299.62 213 214
300.93 214 215
302.49 215 216
303.58 216 217
305.38 217 218
306.43 218 219
307.88 219 220
309.18 220 221
310.71 221 222
312.45 222 223
313.47 223 224
314.56 224 225
316.01 225 226
316.70 226 227
318.10 227 228
319.40 228 229
320.85 229 230
322.13 230 231
324.28 231 232
325.33 232 233
326.41 233 234
328.45 234 235
329.36 235 236
330.81 236 237
332.31 237 238
334.17 238 239
335.58 239 240
338.60 240 241
342.75 241 242
345.66 242 243
346.57 243 244
348.40 244 245
348.66 245 246
349.98 246 247
351.24 247 248
351.97 248 249
353.59 249 250
355.36 250 251
356.14 251 252
358.53 252 253
359.44 253 254
360.23 254 255
361.32 255 256
362.73 256 257
364.84 257 258
365.43 258 259
367.10 259 260
369.21 260 261
374.15 261 262
379.02 262 263
380.92 263 264
384.37 264 265
388.38 265 266
393.27 266 267
401.28 267 268
404.51 268 269
411.87 269 270
416.18 270 271
420.07 271 272
425.94 272 273
431.25 273 274
436.61 274 275
441.93 275 276
447.26 276 277
453.31 277 278
459.42 278 279
464.76 279 280
469.99 280 281
475.30 281 282
480.71 282 283
486.32 283 284
491.64 284 285
495.60 285 286
500.55 286 287
504.91 287 288
511.37 288 289
517.66 289 290
518.66 290 291
