2.68 0 1
4.61 1 2
6.65 2 3
8.61 3 4
10.55 4 5
12.87 5 6
14.16 6 7
15.80 7 8
17.44 8 9
18.75 9 10
20.39 10 11
22.39 11 12
23.99 12 13
26.10 13 14
27.87 14 15
29.84 15 16
31.72 16 17
33.39 17 18
35.36 18 19
37.16 19 20
39.51 20 21
41.26 21 22
42.98 22 23
44.95 23 24
46.59 24 25
48.23 25 26
50.28 26 27
52.00 27 28
53.67 28 29
55.58 29 30
57.93 30 31
59.71 31 32
61.52 32 33
63.59 33 34
65.42 34 35
67.39 35 36
69.39 36 37
70.99 37 38
73.02 38 39
74.65 39 40
76.69 40 41
78.57 41 42
80.61 42 43
82.63 43 44
84.20 44 45
85.85 45 46
87.88 46 47
89.49 47 48
91.13 48 49
93.70 49 50
95.39 50 51
97.22 51 52
99.39 52 53
101.09 53 54
102.67 54 55
104.64 55 56
106.39 56 57
108.32 57 58
109.96 58 59
111.97 59 60
113.59 60 61
115.21 61 62
117.30 62 63
119.02 63 64
121.59 64 65
123.59 65 66
127.72 66 67
130.31 67 68
132.51 68 69
135.17 69 70
139.17 70 71
144.35 71 72
149.59 72 73
154.91 73 74
160.14 74 75
165.13 75 76
170.19 76 77
175.52 77 78
178.84 78 79
181.32 79 80
184.41 80 81
189.66 81 82
194.91 82 83
200.13 83 84
205.40 84 85
210.62 85 86
216.05 86 87
223.27 87 88
228.87 88 89
233.77 89 90
238.14 90 91
244.12 91 92
249.49 92 93
254.82 93 94
260.06 94 95
265.34 95 96
270.68 96 97
275.31 97 98
280.32 98 99
286.41 99 100
291.66 100 101
297.06 101 102
299.16 102 103
302.06 103 104
307.30 104 105
312.57 105 106
317.82 106 107
323.07 107 108
328.29 108 109
333.54 109 110
341.05 110 111
349.52 111 112
354.33 112 113
358.53 113 114
363.36 114 115
368.29 115 116
372.29 116 117
377.03 117 118
382.31 118 119
387.59 119 120
393.00 120 121
398.35 121 122
403.67 122 123
409.01 123 124
414.34 124 125
419.67 125 126
425.03 126 127
430.15 127 128
435.35 128 129
443.94 129 130
447.45 130 131
450.17 131 132
452.13 132 133
455.85 133 134
458.20 134 135
460.84 135 136
464.21 136 137
469.48 137 138
474.73 138 139
479.97 139 140
485.20 140 141
490.44 141 142
501.08 142 143
508.04 143 144
512.39 144 145
517.17 145 146
522.53 146 147
527.83 147 148
533.17 148 149
538.47 149 150
542.15 150 151
545.39 151 152
549.80 152 153
554.29 153 154
558.93 154 155
564.82 155 156
569.90 156 157
579.07 157 158
589.08 158 159
594.29 159 160
599.63 160 161
605.00 161 162
610.35 162 163
615.67 163 164
625.97 164 165
631.18 165 166
633.85 166 167
636.23 167 168
638.62 168 169
641.61 169 170
644.19 170 171
648.15 171 172
652.62 172 173
656.99 173 174
659.36 174 175
664.61 175 176
669.83 176 177
675.10 177 178
680.35 178 179
685.57 179 180
690.82 180 181
695.65 181 182
698.31 182 183
703.62 183 184
708.34 184 185
711.76 185 186
717.02 186 187
723.25 187 188
729.81 188 189
733.53 189 190
739.08 190 191
744.69 191 192
748.27 192 193
755.52 193 194
760.46 194 195
764.54 195 196
768.59 196 197
772.73 197 198
776.70 198 199
785.32 199 200
790.57 200 201
800.64 201 202
805.42 202 203
808.62 203 204
814.04 204 205
817.71 205 206
825.09 206 207
832.92 207 208
836.76 208 209
843.27 209 210
845.39 210 211
850.72 211 212
856.07 212 213
861.03 213 214
866.39 214 215
873.32 215 216
879.07 216 217
883.64 217 218
888.67 218 219
894.04 219 220
898.36 220 221
901.66 221 222
906.91 222 223
912.13 223 224
915.47 224 225
919.05 225 226
923.01 226 227
928.26 227 228
933.48 228 229
940.11 229 230
943.89 230 231
947.54 231 232
951.93 232 233
955.61 233 234
959.72 234 235
964.47 235 236
969.81 236 237
975.18 237 238
980.13 238 239
985.47 239 240
990.82 240 241
996.00 241 242
1001.29 242 243
1006.41 243 244
1011.78 244 245
1017.08 245 246
1022.52 246 247
1027.79 247 248
1042.07 248 249
1044.54 249 250
1050.05 250 251
1052.89 251 252
1055.59 252 253
1058.15 253 254
1060.80 254 255
1066.02 255 256
1071.35 256 257
1076.31 257 258
1080.25 258 259
1084.70 259 260
1088.80 260 261
1092.37 261 262
1097.35 262 263
1099.31 263 264
1102.47 264 265
1108.92 265 266
1114.51 266 267
1121.42 267 268
1124.34 268 269
1128.39 269 270
1134.55 270 271
1137.75 271 272
1148.59 272 273
1153.28 273 274
1158.60 274 275
1163.93 275 276
1169.25 276 277
1174.73 277 278
1181.06 278 279
1185.51 279 280
1190.32 280 281
1194.62 281 282
1199.53 282 283
1206.22 283 284
1210.22 284 285
1214.65 285 286
1218.46 286 287
1221.32 287 288
1226.28 288 289
1231.43 289 290
1232.55 290 291
